//Index   NonPK   ViewRange   ExperienceRate   ItemDropRate   ExcItemDropRate   SetItemDropRate   SocketItemDrop   ZenAmountRate    GuildWarEnable   HelperEnable   TradeEnable   PShopEnable   DuelEnable   GensBattle   PartyUserMove Comment
0         *       08          100              1000            1000              0                 0                10				1                1              1             1             1            0		 1            //Lorencia
1         *       08          100              1000            1000              0                 0                10				1                1              1             1             1            0		 1            //Dungeon
2         *       08          100              1000            1000              0                 0                10				1                1              1             1             1            0		 1            //Devias
3         *       08          100              1000            1000              0                 0                10				1                1              1             1             1            0		 1            //Noria
4         *       08          100              1000            1000              0                 0                10				1                1              1             1             1            0		 1            //Lost Tower
6         *       08          100              1000            1000              0                 0                10				1                1              1             1             1            0		 1            //Arena
7         *       08          100              1000            1000              0                 0                10				1                1              1             1             1            0		 1            //Atlans
8         *       08          100              1000            1000              0                 0                10				1                1              1             1             1            0		 1            //Tarkan
9         *       08          100              1000            1000              0                 0                10				0                1              0             0             0            0		 0            //Devil Square 1
10        *       08          100              1000            1000              0                 0                10				1                1              1             1             1            0		 1            //Icarus
11        *       08          100              1000            1000              0                 0                10				0                1              0             0             0            0		 0            //Blood Castle 1
12        *       08          100              1000            1000              0                 0                10				0                1              0             0             0            0		 0            //Blood Castle 2
13        *       08          100              1000            1000              0                 0                10				0                1              0             0             0            0		 0            //Blood Castle 3
14        *       08          100              1000            1000              0                 0                10				0                1              0             0             0            0		 0            //Blood Castle 4
15        *       08          100              1000            1000              0                 0                10				0                1              0             0             0            0		 0            //Blood Castle 5
16        *       08          100              1000            1000              0                 0                10				0                1              0             0             0            0		 0            //Blood Castle 6
17        *       08          100              1000            1000              0                 0                10				0                1              0             0             0            0		 0            //Blood Castle 7
18        *       08          100              1000            1000              0                 0                10				0                0              0             0             0            0		 0            //Chaos Castle 1
19        *       08          100              1000            1000              0                 0                10				0                0              0             0             0            0		 0            //Chaos Castle 2
20        *       08          100              1000            1000              0                 0                10				0                0              0             0             0            0		 0            //Chaos Castle 3
21        *       08          100              1000            1000              0                 0                10				0                0              0             0             0            0		 0            //Chaos Castle 4
22        *       08          100              1000            1000              0                 0                10				0                0              0             0             0            0		 0            //Chaos Castle 5
23        *       08          100              1000            1000              0                 0                10				0                0              0             0             0            0		 0            //Chaos Castle 6
24        *       08          100              1000            1000              0                 0                10				0                1              1             0             0            0		 1            //Kalima 1
25        *       08          100              1000            1000              0                 0                10				0                1              1             0             0            0		 1            //Kalima 2
26        *       08          100              1000            1000              0                 0                10				0                1              1             0             0            0		 1            //Kalima 3
27        *       08          100              1000            1000              0                 0                10				0                1              1             0             0            0		 1            //Kalima 4
28        *       08          100              1000            1000              0                 0                10				0                1              1             0             0            0		 1            //Kalima 5
29        *       08          100              1000            1000              0                 0                10				0                1              1             0             0            0		 1            //Kalima 6
30        *       08          100              1000            1000              0                 0                10				0                1              1             1             1            0		 0            //Castle Siege
31        *       08          100              1000            1000              1000              0                10				0                1              1             1             1            0		 0            //Land of Trials
32        *       08          100              1000            1000              0                 0                10				0                1              0             0             0            0		 0            //Devil Square 2
33        1       12          100              1000            1000              0                 0                10				1                1              1             1             1            0		 1            //Aida
34        *       08          100              1000            1000              0                 0                10				0                1              1             1             1            0		 1            //Crywolf
36        *       08          100              1000            1000              0                 0                10				0                1              1             0             0            0		 1            //Kalima 7
37        *       08          100              1000            1000              0                 0                10				1                1              1             1             1            0		 1            //Kanturu 1
38        *       08          100              1000            1000              0                 0                10				1                1              1             1             1            0		 1            //Kanturu 2
39        *       08          100              1000            1000              0                 0                10				0                1              1             0             0            0		 1            //Kanturu 3
40        *       08          100              1000            1000              0                 0                10				0                0              0             0             0            0		 1            //Custom Arena
41        *       08          100              1000            1000              0                 0                10				0                1              1             1             1            0		 1            //Barracks
42        *       08          100              1000            1000              0                 0                10				0                1              1             1             1            0		 1            //Refuge
45        *       08          100              1000            1000              0                 0                10				0                1              0             0             0            0		 0            //Illusion Temple 1
46        *       08          100              1000            1000              0                 0                10				0                1              0             0             0            0		 0            //Illusion Temple 2
47        *       08          100              1000            1000              0                 0                10				0                1              0             0             0            0		 0            //Illusion Temple 3
48        *       08          100              1000            1000              0                 0                10				0                1              0             0             0            0		 0            //Illusion Temple 4
49        *       08          100              1000            1000              0                 0                10				0                1              0             0             0            0		 0            //Illusion Temple 5
50        *       08          100              1000            1000              0                 0                10				0                1              0             0             0            0		 0            //Illusion Temple 6
51        *       08          100              1000            1000              0                 0                10				1                1              1             1             1            0		 1            //Elbeland
52        *       08          100              1000            1000              0                 0                10				0                1              0             0             0            0		 0            //Blood Castle 8
53        *       08          100              1000            1000              0                 0                10				0                0              0             0             0            0		 0            //Chaos Castle 7
56        *       08          100              1000            1000              0                 0                10				1                1              1             1             1            0		 1            //Swamp of Calmness
57        *       08          100              1000            1000              0                 1                10				1                1              1             1             1            0		 1            //Raklion 1
58        *       08          100              1000            1000              0                 1                10				0                1              1             0             0            0		 0            //Raklion 2
62        *       08          100              1000            1000              0                 0                10				0                1              1             1             0            0		 0            //Santa Town
63        *       08          100              1000            1000              0                 0                10				0                1              1             0             1            1		 1            //Vulcanus
64        *       08          100              1000            1000              0                 0                10				0                0              0             0             0            0		 0            //Duel Arena
65        *       08          100              1000            1000              0                 0                10				0                1              0             0             0            0		 0            //Double Goer 1
66        *       08          100              1000            1000              0                 0                10				0                1              0             0             0            0		 0            //Double Goer 2
67        *       08          100              1000            1000              0                 0                10				0                1              0             0             0            0		 0            //Double Goer 3
68        *       08          100              1000            1000              0                 0                10				0                1              0             0             0            0		 0            //Double Goer 4
69        *       08          100              1000            1000              0                 0                10				0                1              0             0             0            0		 0            //Imperial Guardian 1
70        *       08          100              1000            1000              0                 0                10				0                1              0             0             0            0		 0            //Imperial Guardian 2
71        *       08          100              1000            1000              0                 0                10				0                1              0             0             0            0		 0            //Imperial Guardian 3
72        *       08          100              1000            1000              0                 0                10				0                1              0             0             0            0		 0            //Imperial Guardian 4
79        *       08          100              1000            1000              0                 0                10				0                1              1             1             0            0		 1            //Loren Market
80        *       08          100              1000            1000              0                 0                10				1                1              1             1             1            0		 1            //Karutan 1
81        *       08          100              1000            1000              0                 0                10				1                1              1             1             1            0		 1            //Karutan 2
82        *       08          100              1000            1000              0                 0                10				0                1              0             0             0            0		 0            //Double Goer Renew 1
83        *       08          100              1000            1000              0                 0                10				0                1              0             0             0            0		 0            //Double Goer Renew 2
84        *       08          100              1000            1000              0                 0                10				0                1              0             0             0            0		 0            //Double Goer Renew 3
85        *       08          100              1000            1000              0                 0                10				0                1              0             0             0            0		 0            //Double Goer Renew 4
86        *       08          100              1000            1000              0                 0                10				0                1              0             0             0            0		 0            //Double Goer Renew 5
87        *       08          100              1000            1000              0                 0                10				0                1              0             0             0            0		 0            //Double Goer Renew 6
88        *       08          100              1000            1000              0                 0                10				0                1              0             0             0            0		 0            //Double Goer Renew 7
89        *       08          100              1000            1000              0                 0                10				0                1              0             0             0            0		 0            //Double Goer Renew 8
90        *       08          100              1000            1000              0                 0                10				0                1              0             0             0            0		 0            //Double Goer Renew 9
91        *       08          100              1000            1000              0                 0                10				1                1              1             1             1            1		 1            //Acheron 1
92        *       08          100              1000            1000              0                 0                10				0                1              1             0             0            0		 0            //Acheron 2
95        *       08          100              1000            1000              0                 0                10				1                1              1             1             1            1		 1            //Deventer 1
96        *       08          100              1000            1000              0                 0                10				0                1              1             0             0            0		 0            //Deventer 2
97        *       08          100              1000            1000              0                 0                10				0                0              0             0             0            0		 0            //Chaos Castle Final
98        *       08          100              1000            1000              0                 0                10				0                1              0             0             0            0		 0            //Illusion Temple Final 1
99        *       08          100              1000            1000              0                 0                10				0                1              0             0             0            0		 0            //Illusion Temple Final 2
100       *       08          100              1000            1000              0                 0                10				1                1              1             1             1            1		 1            //Urk Mountain 1
101       *       08          100              1000            1000              0                 0                10				1                1              1             1             1            0		 1            //Urk Mountain 2
102       *       08          100              1000            1000              0                 0                10				0                1              0             0             0            0		 0            //Devil Square Final
110       *       08          100              1000            1000              0                 0                10				1                1              1             1             1            1		 1            //Nars
112       *       08          100              1000            1000              0                 0                10				1                1              1             1             1            0		 1            //Ferea
113       *       08          100              1000            1000              0                 0                10				1                1              1             1             1            1		 1            //Nixies Lake
114       *       08          100              1000            1000              0                 0                10				0                0              0             0             0            0		 0            //Instance Zone
115       1       08          100              1000            1000              0                 0                10				0                1              0             0             0            0		 0            //Labyrinth of Dimensions
116       1       12          100              1000            1000              0                 0                10				1                1              1             1             1            0		 1            //Deep Dungeon 1
117       1       12          100              1000            1000              0                 0                10				1                1              1             1             1            0		 1            //Deep Dungeon 2
118       1       12          100              1000            1000              0                 0                10				1                1              1             1             1            0		 1            //Deep Dungeon 3
119       1       12          100              1000            1000              0                 0                10				1                1              1             1             1            0		 1            //Deep Dungeon 4
120       1       12          100              1000            1000              0                 0                10				1                1              1             1             1            0		 1            //Deep Dungeon 5
121       *       08          100              1000            1000              0                 0                10				0                0              0             0             0            0		 0            //Trial Area
122       *       08          100              1000            1000              0                 0                10				1                1              1             1             1            1		 1            //Swamp of Darkness
123       *       08          100              1000            1000              0                 0                10				1                1              1             1             1            0		 1            //Kubera Mine 1
124       *       08          100              1000            1000              0                 0                10				1                1              1             1             1            0		 1            //Kubera Mine 2
125       *       08          100              1000            1000              0                 0                10				1                1              1             1             1            0		 1            //Kubera Mine 3
126       *       08          100              1000            1000              0                 0                10				1                1              1             1             1            0		 1            //Kubera Mine 4
127       *       08          100              1000            1000              0                 0                10				1                1              1             1             1            0		 1            //Kubera Mine 5
128       1       12          100              1000            1000              0                 0                10				1                1              1             1             1            0		 1            //Atlans Abyss 1
129       1       12          100              1000            1000              0                 0                10				1                1              1             1             1            0		 1            //Atlans Abyss 2
130       1       12          100              1000            1000              0                 0                10				1                1              1             1             1            0		 1            //Atlans Abyss 3
131       *       08          100              1000            1000              0                 0                10				1                1              1             1             1            1		 1            //Scorched Canyon
132       *       08          100              1000            1000              0                 0                10				1                1              1             1             1            1		 1            //Crimson Icarus
133       *       08          100              1000            1000              0                 0                10				1                1              1             1             1            1		 1            //Arenil Temple
134       *       08          100              1000            1000              0                 0                10				1                1              1             1             1            1		 1            //Ashen Aida
135       *       08          100              1000            1000              0                 0                10				1                1              1             1             1            1		 1            //Old Kethotum
136       *       08          100              1000            1000              0                 0                10				1                1              1             1             1            1		 1            //Blaze Kethhotum
137       0       12          100              1000            1000              0                 0                10				1                1              1             1             1            1		 1            //Kanturu Under Area
138       *       08          100              1000            1000              0                 0                10				1                1              1             1             1            1		 1            //Ignis Vulcanus
139       1       12          100              1000            1000              0                 0                10				0                1              0             0             0            0		 0            //Boss Battle Zone
end