//|================================================================|
//| Zythe CashShop Editor                                          |
//| Credit: Zyth3/louis                          [skype:tec-facil] |
//|================================================================|
//Cat	ID	Main	Item	Coin	Price	Bonus	PBase1	PBase2	PBase3	PBase4	PBase5	PBase6	PBase7	PBase8	PBase9	PBase10	PMain1	PMain2	PMain3	PMain4	PMain5	PMain6	PMain7	PMain8	PMain9	PMain10	Comment
31	276	276	1	508	70	0	2760	0	0	0	0	0	0	0	0	0	2760	0	0	0	0	0	0	0	0	0	// Bronze Helm
31	277	277	1	508	70	0	2770	0	0	0	0	0	0	0	0	0	2770	0	0	0	0	0	0	0	0	0	// Bronze Armor
31	278	278	1	508	70	0	2780	0	0	0	0	0	0	0	0	0	2780	0	0	0	0	0	0	0	0	0	// Bronze Gloves
31	279	279	1	508	70	0	2790	0	0	0	0	0	0	0	0	0	2790	0	0	0	0	0	0	0	0	0	// Bronze Pants
31	280	280	1	508	70	0	2800	0	0	0	0	0	0	0	0	0	2800	0	0	0	0	0	0	0	0	0	// Bronze Boots
31	281	281	1	508	80	0	2810	0	0	0	0	0	0	0	0	0	2810	0	0	0	0	0	0	0	0	0	// Dragon Helm
31	282	282	1	508	80	0	2820	0	0	0	0	0	0	0	0	0	2820	0	0	0	0	0	0	0	0	0	// Dragon Armor
31	283	283	1	508	80	0	2830	0	0	0	0	0	0	0	0	0	2830	0	0	0	0	0	0	0	0	0	// Dragon Gloves
31	284	284	1	508	80	0	2840	0	0	0	0	0	0	0	0	0	2840	0	0	0	0	0	0	0	0	0	// Dragon Pants
31	285	285	1	508	80	0	2850	0	0	0	0	0	0	0	0	0	2850	0	0	0	0	0	0	0	0	0	// Dragon Boots
31	286	286	1	508	72	0	2860	0	0	0	0	0	0	0	0	0	2860	0	0	0	0	0	0	0	0	0	// Leather Helm
31	287	287	1	508	72	0	2870	0	0	0	0	0	0	0	0	0	2870	0	0	0	0	0	0	0	0	0	// Leather Armor
31	288	288	1	508	72	0	2880	0	0	0	0	0	0	0	0	0	2880	0	0	0	0	0	0	0	0	0	// Leather Gloves
31	289	289	1	508	72	0	2890	0	0	0	0	0	0	0	0	0	2890	0	0	0	0	0	0	0	0	0	// Leather Pants
31	290	290	1	508	72	0	2900	0	0	0	0	0	0	0	0	0	2900	0	0	0	0	0	0	0	0	0	// Leather Boots
31	291	291	1	508	74	0	2910	0	0	0	0	0	0	0	0	0	2910	0	0	0	0	0	0	0	0	0	// Scale Helm
31	292	292	1	508	74	0	2920	0	0	0	0	0	0	0	0	0	2920	0	0	0	0	0	0	0	0	0	// Scale Armor
31	293	293	1	508	74	0	2930	0	0	0	0	0	0	0	0	0	2930	0	0	0	0	0	0	0	0	0	// Scale Pants
31	294	294	1	508	74	0	2940	0	0	0	0	0	0	0	0	0	2940	0	0	0	0	0	0	0	0	0	// Scale Gloves
31	295	295	1	508	74	0	2950	0	0	0	0	0	0	0	0	0	2950	0	0	0	0	0	0	0	0	0	// Scale Boots
31	296	296	1	508	76	0	2960	0	0	0	0	0	0	0	0	0	2960	0	0	0	0	0	0	0	0	0	// Brass Helm
31	297	297	1	508	76	0	2970	0	0	0	0	0	0	0	0	0	2970	0	0	0	0	0	0	0	0	0	// Brass Armor
31	298	298	1	508	76	0	2980	0	0	0	0	0	0	0	0	0	2980	0	0	0	0	0	0	0	0	0	// Brass Gloves
31	299	299	1	508	76	0	2990	0	0	0	0	0	0	0	0	0	2990	0	0	0	0	0	0	0	0	0	// Brass Pants
31	300	300	1	508	76	0	3000	0	0	0	0	0	0	0	0	0	3000	0	0	0	0	0	0	0	0	0	// Brass Boots
31	301	301	1	508	78	0	3010	0	0	0	0	0	0	0	0	0	3010	0	0	0	0	0	0	0	0	0	// Plate Helm
31	302	302	1	508	78	0	3020	0	0	0	0	0	0	0	0	0	3020	0	0	0	0	0	0	0	0	0	// Plate Armor
31	303	303	1	508	78	0	3030	0	0	0	0	0	0	0	0	0	3030	0	0	0	0	0	0	0	0	0	// Plate Gloves
31	304	304	1	508	78	0	3040	0	0	0	0	0	0	0	0	0	3040	0	0	0	0	0	0	0	0	0	// Plate Pants
31	305	305	1	508	78	0	3050	0	0	0	0	0	0	0	0	0	3050	0	0	0	0	0	0	0	0	0	// Plate Boots
31	306	306	1	508	82	0	3060	0	0	0	0	0	0	0	0	0	3060	0	0	0	0	0	0	0	0	0	// Black Dragon Helm
31	307	307	1	508	82	0	3070	0	0	0	0	0	0	0	0	0	3070	0	0	0	0	0	0	0	0	0	// Black Dragon Armor
31	308	308	1	508	82	0	3080	0	0	0	0	0	0	0	0	0	3080	0	0	0	0	0	0	0	0	0	// Black Dragon Gloves
31	309	309	1	508	82	0	3090	0	0	0	0	0	0	0	0	0	3090	0	0	0	0	0	0	0	0	0	// Black Dragon Pants
31	310	310	1	508	82	0	3100	0	0	0	0	0	0	0	0	0	3100	0	0	0	0	0	0	0	0	0	// Black Dragon Boots
31	311	311	1	508	84	0	3110	0	0	0	0	0	0	0	0	0	3110	0	0	0	0	0	0	0	0	0	// Dark Phoenix Helm
31	312	312	1	508	84	0	3120	0	0	0	0	0	0	0	0	0	3120	0	0	0	0	0	0	0	0	0	// Dark Phoenix Armor
31	313	313	1	508	84	0	3130	0	0	0	0	0	0	0	0	0	3130	0	0	0	0	0	0	0	0	0	// Dark Phoenix Gloves
31	314	314	1	508	84	0	3140	0	0	0	0	0	0	0	0	0	3140	0	0	0	0	0	0	0	0	0	// Dark Phoenix Pants
31	315	315	1	508	84	0	3150	0	0	0	0	0	0	0	0	0	3150	0	0	0	0	0	0	0	0	0	// Dark Phoenix Boots
31	316	316	1	508	86	0	3160	0	0	0	0	0	0	0	0	0	3160	0	0	0	0	0	0	0	0	0	// Great Dragon Helm
31	317	317	1	508	86	0	3170	0	0	0	0	0	0	0	0	0	3170	0	0	0	0	0	0	0	0	0	// Great Dragon Armor
31	318	318	1	508	86	0	3180	0	0	0	0	0	0	0	0	0	3180	0	0	0	0	0	0	0	0	0	// Great Dragon Gloves
31	319	319	1	508	86	0	3190	0	0	0	0	0	0	0	0	0	3190	0	0	0	0	0	0	0	0	0	// Great Dragon Pants
31	320	320	1	508	86	0	3200	0	0	0	0	0	0	0	0	0	3200	0	0	0	0	0	0	0	0	0	// Great Dragon Boots
31	321	321	1	508	90	0	3210	0	0	0	0	0	0	0	0	0	3210	0	0	0	0	0	0	0	0	0	// Dragon Knight Helm
31	322	322	1	508	90	0	3220	0	0	0	0	0	0	0	0	0	3220	0	0	0	0	0	0	0	0	0	// Dragon Knight Armor
31	323	323	1	508	90	0	3230	0	0	0	0	0	0	0	0	0	3230	0	0	0	0	0	0	0	0	0	// Dragon Knight Gloves
31	324	324	1	508	90	0	3240	0	0	0	0	0	0	0	0	0	3240	0	0	0	0	0	0	0	0	0	// Dragon Knight Pants
31	325	325	1	508	90	0	3250	0	0	0	0	0	0	0	0	0	3250	0	0	0	0	0	0	0	0	0	// Dragon Knight Boots
31	326	326	1	508	86	0	3260	0	0	0	0	0	0	0	0	0	3260	0	0	0	0	0	0	0	0	0	// Ashcrow Helm
31	327	327	1	508	86	0	3270	0	0	0	0	0	0	0	0	0	3270	0	0	0	0	0	0	0	0	0	// Ashcrow Armor
31	328	328	1	508	86	0	3280	0	0	0	0	0	0	0	0	0	3280	0	0	0	0	0	0	0	0	0	// Ashcrow Gloves
31	329	329	1	508	86	0	3290	0	0	0	0	0	0	0	0	0	3290	0	0	0	0	0	0	0	0	0	// Ashcrow Pants
31	330	330	1	508	86	0	3300	0	0	0	0	0	0	0	0	0	3300	0	0	0	0	0	0	0	0	0	// Ashcrow Boots
31	331	331	1	508	100	0	3310	0	0	0	0	0	0	0	0	0	3310	0	0	0	0	0	0	0	0	0	// Titan Helm
31	332	332	1	508	100	0	3320	0	0	0	0	0	0	0	0	0	3320	0	0	0	0	0	0	0	0	0	// Titan Armor
31	333	333	1	508	100	0	3330	0	0	0	0	0	0	0	0	0	3330	0	0	0	0	0	0	0	0	0	// Titan  Gloves
31	334	334	1	508	100	0	3340	0	0	0	0	0	0	0	0	0	3340	0	0	0	0	0	0	0	0	0	// Titan  Pants
31	335	335	1	508	100	0	3350	0	0	0	0	0	0	0	0	0	3350	0	0	0	0	0	0	0	0	0	// Titan Boots
31	336	336	1	508	100	0	3360	0	0	0	0	0	0	0	0	0	3360	0	0	0	0	0	0	0	0	0	// Brave Helm
31	337	337	1	508	100	0	3370	0	0	0	0	0	0	0	0	0	3370	0	0	0	0	0	0	0	0	0	// Brave Armor
31	338	338	1	508	100	0	3380	0	0	0	0	0	0	0	0	0	3380	0	0	0	0	0	0	0	0	0	// Brave Gloves
31	339	339	1	508	100	0	3390	0	0	0	0	0	0	0	0	0	3390	0	0	0	0	0	0	0	0	0	// Brave Pants
31	340	340	1	508	100	0	3400	0	0	0	0	0	0	0	0	0	3400	0	0	0	0	0	0	0	0	0	// Brave Boots
32	379	379	1	508	70	0	3790	0	0	0	0	0	0	0	0	0	3790	0	0	0	0	0	0	0	0	0	// Pad Helm
32	380	380	1	508	70	0	3800	0	0	0	0	0	0	0	0	0	3800	0	0	0	0	0	0	0	0	0	// Pad Armor
32	381	381	1	508	70	0	3810	0	0	0	0	0	0	0	0	0	3810	0	0	0	0	0	0	0	0	0	// Pad Gloves
32	382	382	1	508	70	0	3820	0	0	0	0	0	0	0	0	0	3820	0	0	0	0	0	0	0	0	0	// Pad Pants
32	383	383	1	508	70	0	3830	0	0	0	0	0	0	0	0	0	3830	0	0	0	0	0	0	0	0	0	// Pad Boots
32	384	384	1	508	80	0	3840	0	0	0	0	0	0	0	0	0	3840	0	0	0	0	0	0	0	0	0	// Legendary Helm
32	385	385	1	508	80	0	3850	0	0	0	0	0	0	0	0	0	3850	0	0	0	0	0	0	0	0	0	// Legendary Armor
32	386	386	1	508	80	0	3860	0	0	0	0	0	0	0	0	0	3860	0	0	0	0	0	0	0	0	0	// Legendary Gloves
32	387	387	1	508	80	0	3870	0	0	0	0	0	0	0	0	0	3870	0	0	0	0	0	0	0	0	0	// Legendary Pants
32	388	388	1	508	80	0	3880	0	0	0	0	0	0	0	0	0	3880	0	0	0	0	0	0	0	0	0	// Legendary Boots
32	389	389	1	508	72	0	3890	0	0	0	0	0	0	0	0	0	3890	0	0	0	0	0	0	0	0	0	// Bone Helm
32	390	390	1	508	72	0	3900	0	0	0	0	0	0	0	0	0	3900	0	0	0	0	0	0	0	0	0	// Bone Armor
32	391	391	1	508	72	0	3910	0	0	0	0	0	0	0	0	0	3910	0	0	0	0	0	0	0	0	0	// Bone Pants
32	392	392	1	508	72	0	3920	0	0	0	0	0	0	0	0	0	3920	0	0	0	0	0	0	0	0	0	// Bone Gloves
32	393	393	1	508	72	0	3930	0	0	0	0	0	0	0	0	0	3930	0	0	0	0	0	0	0	0	0	// Bone Boots
32	394	394	1	508	74	0	3940	0	0	0	0	0	0	0	0	0	3940	0	0	0	0	0	0	0	0	0	// Sphinx Mask
32	395	395	1	508	74	0	3950	0	0	0	0	0	0	0	0	0	3950	0	0	0	0	0	0	0	0	0	// Sphinx Armor
32	396	396	1	508	74	0	3960	0	0	0	0	0	0	0	0	0	3960	0	0	0	0	0	0	0	0	0	// Sphinx Gloves
32	397	397	1	508	74	0	3970	0	0	0	0	0	0	0	0	0	3970	0	0	0	0	0	0	0	0	0	// Sphinx Pants
32	398	398	1	508	74	0	3980	0	0	0	0	0	0	0	0	0	3980	0	0	0	0	0	0	0	0	0	// Sphinx Boots
32	399	399	1	508	82	0	3990	0	0	0	0	0	0	0	0	0	3990	0	0	0	0	0	0	0	0	0	// Grand Soul Helm
32	400	400	1	508	82	0	4000	0	0	0	0	0	0	0	0	0	4000	0	0	0	0	0	0	0	0	0	// Grand Soul Armor
32	401	401	1	508	82	0	4010	0	0	0	0	0	0	0	0	0	4010	0	0	0	0	0	0	0	0	0	// Grand Soul Gloves
32	402	402	1	508	82	0	4020	0	0	0	0	0	0	0	0	0	4020	0	0	0	0	0	0	0	0	0	// Grand Soul Pants
32	403	403	1	508	82	0	4030	0	0	0	0	0	0	0	0	0	4030	0	0	0	0	0	0	0	0	0	// Grand Soul Boots
32	404	404	1	508	84	0	4040	0	0	0	0	0	0	0	0	0	4040	0	0	0	0	0	0	0	0	0	// Dark Soul Helm
32	405	405	1	508	84	0	4050	0	0	0	0	0	0	0	0	0	4050	0	0	0	0	0	0	0	0	0	// Dark Soul Armor
32	406	406	1	508	84	0	4060	0	0	0	0	0	0	0	0	0	4060	0	0	0	0	0	0	0	0	0	// Dark Soul Gloves
32	407	407	1	508	84	0	4070	0	0	0	0	0	0	0	0	0	4070	0	0	0	0	0	0	0	0	0	// Dark Soul Pants
32	408	408	1	508	84	0	4080	0	0	0	0	0	0	0	0	0	4080	0	0	0	0	0	0	0	0	0	// Dark Soul Boots
32	409	409	1	508	90	0	4090	0	0	0	0	0	0	0	0	0	4090	0	0	0	0	0	0	0	0	0	// Venom Mist Helm
32	410	410	1	508	90	0	4100	0	0	0	0	0	0	0	0	0	4100	0	0	0	0	0	0	0	0	0	// Venom Mist Armor
32	411	411	1	508	90	0	4110	0	0	0	0	0	0	0	0	0	4110	0	0	0	0	0	0	0	0	0	// Venom Mist Gloves
32	412	412	1	508	90	0	4120	0	0	0	0	0	0	0	0	0	4120	0	0	0	0	0	0	0	0	0	// Venom Mist Pants
32	413	413	1	508	90	0	4130	0	0	0	0	0	0	0	0	0	4130	0	0	0	0	0	0	0	0	0	// Venom Mist Boots
32	414	414	1	508	86	0	4140	0	0	0	0	0	0	0	0	0	4140	0	0	0	0	0	0	0	0	0	// Eclipse Helm
32	415	415	1	508	86	0	4150	0	0	0	0	0	0	0	0	0	4150	0	0	0	0	0	0	0	0	0	// Eclipse Armor
32	416	416	1	508	86	0	4160	0	0	0	0	0	0	0	0	0	4160	0	0	0	0	0	0	0	0	0	// Eclipse Gloves
32	417	417	1	508	86	0	4170	0	0	0	0	0	0	0	0	0	4170	0	0	0	0	0	0	0	0	0	// Eclipse Pants
32	418	418	1	508	86	0	4180	0	0	0	0	0	0	0	0	0	4180	0	0	0	0	0	0	0	0	0	// Eclipse Boots
32	419	419	1	508	100	0	4190	0	0	0	0	0	0	0	0	0	4190	0	0	0	0	0	0	0	0	0	// Hades Helm
32	420	420	1	508	100	0	4200	0	0	0	0	0	0	0	0	0	4200	0	0	0	0	0	0	0	0	0	// Hades Armor
32	421	421	1	508	100	0	4210	0	0	0	0	0	0	0	0	0	4210	0	0	0	0	0	0	0	0	0	// Hades Gloves
32	422	422	1	508	100	0	4220	0	0	0	0	0	0	0	0	0	4220	0	0	0	0	0	0	0	0	0	// Hades Pants
32	423	423	1	508	100	0	4230	0	0	0	0	0	0	0	0	0	4230	0	0	0	0	0	0	0	0	0	// Hades Boots
33	163	163	1	508	78	0	1630	0	0	0	0	0	0	0	0	0	1630	0	0	0	0	0	0	0	0	0	// Violent Wind Helm
33	164	164	1	508	78	0	1640	0	0	0	0	0	0	0	0	0	1640	0	0	0	0	0	0	0	0	0	// Violent Wind Armor
33	165	165	1	508	78	0	1650	0	0	0	0	0	0	0	0	0	1650	0	0	0	0	0	0	0	0	0	// Violent Wind Gloves
33	166	166	1	508	78	0	1660	0	0	0	0	0	0	0	0	0	1660	0	0	0	0	0	0	0	0	0	// Violent Wind Pants
33	167	167	1	508	78	0	1670	0	0	0	0	0	0	0	0	0	1670	0	0	0	0	0	0	0	0	0	// Violent Wind Boots
33	168	168	1	508	80	0	1680	0	0	0	0	0	0	0	0	0	1680	0	0	0	0	0	0	0	0	0	// Red Wing Helm
33	169	169	1	508	80	0	1690	0	0	0	0	0	0	0	0	0	1690	0	0	0	0	0	0	0	0	0	// Red Wing Armor
33	170	170	1	508	80	0	1700	0	0	0	0	0	0	0	0	0	1700	0	0	0	0	0	0	0	0	0	// Red Wing Gloves
33	171	171	1	508	80	0	1710	0	0	0	0	0	0	0	0	0	1710	0	0	0	0	0	0	0	0	0	// Red Wing Pants
33	172	172	1	508	80	0	1720	0	0	0	0	0	0	0	0	0	1720	0	0	0	0	0	0	0	0	0	// Red Wing Boots
33	173	173	1	508	84	0	1730	0	0	0	0	0	0	0	0	0	1730	0	0	0	0	0	0	0	0	0	// Ancient Helm
33	174	174	1	508	84	0	1740	0	0	0	0	0	0	0	0	0	1740	0	0	0	0	0	0	0	0	0	// Ancient Armor
33	175	175	1	508	84	0	1750	0	0	0	0	0	0	0	0	0	1750	0	0	0	0	0	0	0	0	0	// Ancient Gloves
33	176	176	1	508	84	0	1760	0	0	0	0	0	0	0	0	0	1760	0	0	0	0	0	0	0	0	0	// Ancient Pants
33	177	177	1	508	84	0	1770	0	0	0	0	0	0	0	0	0	1770	0	0	0	0	0	0	0	0	0	// Ancient Boots
33	178	178	1	508	86	0	1780	0	0	0	0	0	0	0	0	0	1780	0	0	0	0	0	0	0	0	0	// Demonic Helm
33	179	179	1	508	86	0	1790	0	0	0	0	0	0	0	0	0	1790	0	0	0	0	0	0	0	0	0	// Demonic Armor
33	180	180	1	508	86	0	1800	0	0	0	0	0	0	0	0	0	1800	0	0	0	0	0	0	0	0	0	// Demonic Gloves
33	181	181	1	508	86	0	1810	0	0	0	0	0	0	0	0	0	1810	0	0	0	0	0	0	0	0	0	// Demonic Pants
33	182	182	1	508	86	0	1820	0	0	0	0	0	0	0	0	0	1820	0	0	0	0	0	0	0	0	0	// Demonic Boots
33	183	183	1	508	90	0	1830	0	0	0	0	0	0	0	0	0	1830	0	0	0	0	0	0	0	0	0	// Storm Blitz Helm
33	184	184	1	508	90	0	1840	0	0	0	0	0	0	0	0	0	1840	0	0	0	0	0	0	0	0	0	// Storm Blitz Armor
33	185	185	1	508	90	0	1850	0	0	0	0	0	0	0	0	0	1850	0	0	0	0	0	0	0	0	0	// Storm Blitz Gloves
33	186	186	1	508	90	0	1860	0	0	0	0	0	0	0	0	0	1860	0	0	0	0	0	0	0	0	0	// Storm Blitz Pants
33	187	187	1	508	90	0	1870	0	0	0	0	0	0	0	0	0	1870	0	0	0	0	0	0	0	0	0	// Storm Blitz Boots
33	188	188	1	508	100	0	1880	0	0	0	0	0	0	0	0	0	1880	0	0	0	0	0	0	0	0	0	// Eternal Wing Helm
33	189	189	1	508	100	0	1890	0	0	0	0	0	0	0	0	0	1890	0	0	0	0	0	0	0	0	0	// Eternal Wing Armor
33	190	190	1	508	100	0	1900	0	0	0	0	0	0	0	0	0	1900	0	0	0	0	0	0	0	0	0	// Eternal Wing Gloves
33	191	191	1	508	100	0	1910	0	0	0	0	0	0	0	0	0	1910	0	0	0	0	0	0	0	0	0	// Eternal Wing Pants
33	192	192	1	508	100	0	1920	0	0	0	0	0	0	0	0	0	1920	0	0	0	0	0	0	0	0	0	// Eternal Wing Boots
34	424	424	1	508	70	0	4240	0	0	0	0	0	0	0	0	0	4240	0	0	0	0	0	0	0	0	0	// Vine Helm
34	425	425	1	508	70	0	4250	0	0	0	0	0	0	0	0	0	4250	0	0	0	0	0	0	0	0	0	// Vine Armor
34	426	426	1	508	70	0	4260	0	0	0	0	0	0	0	0	0	4260	0	0	0	0	0	0	0	0	0	// Vine Gloves
34	427	427	1	508	70	0	4270	0	0	0	0	0	0	0	0	0	4270	0	0	0	0	0	0	0	0	0	// Vine Pants
34	428	428	1	508	70	0	4280	0	0	0	0	0	0	0	0	0	4280	0	0	0	0	0	0	0	0	0	// Vine Boots
34	429	429	1	508	72	0	4290	0	0	0	0	0	0	0	0	0	4290	0	0	0	0	0	0	0	0	0	// Silk Helm
34	430	430	1	508	72	0	4300	0	0	0	0	0	0	0	0	0	4300	0	0	0	0	0	0	0	0	0	// Silk Armor
34	431	431	1	508	72	0	4310	0	0	0	0	0	0	0	0	0	4310	0	0	0	0	0	0	0	0	0	// Silk Gloves
34	432	432	1	508	72	0	4320	0	0	0	0	0	0	0	0	0	4320	0	0	0	0	0	0	0	0	0	// Silk Pants
34	433	433	1	508	72	0	4330	0	0	0	0	0	0	0	0	0	4330	0	0	0	0	0	0	0	0	0	// Silk Boots
34	434	434	1	508	74	0	4340	0	0	0	0	0	0	0	0	0	4340	0	0	0	0	0	0	0	0	0	// Wind Helm
34	435	435	1	508	74	0	4350	0	0	0	0	0	0	0	0	0	4350	0	0	0	0	0	0	0	0	0	// Wind Armor
34	436	436	1	508	74	0	4360	0	0	0	0	0	0	0	0	0	4360	0	0	0	0	0	0	0	0	0	// Wind Gloves
34	437	437	1	508	74	0	4370	0	0	0	0	0	0	0	0	0	4370	0	0	0	0	0	0	0	0	0	// Wind Pants
34	438	438	1	508	74	0	4380	0	0	0	0	0	0	0	0	0	4380	0	0	0	0	0	0	0	0	0	// Wind Boots
34	439	439	1	508	76	0	4390	0	0	0	0	0	0	0	0	0	4390	0	0	0	0	0	0	0	0	0	// Spirit Helm
34	440	440	1	508	76	0	4400	0	0	0	0	0	0	0	0	0	4400	0	0	0	0	0	0	0	0	0	// Spirit Armor
34	441	441	1	508	76	0	4410	0	0	0	0	0	0	0	0	0	4410	0	0	0	0	0	0	0	0	0	// Spirit Gloves
34	442	442	1	508	76	0	4420	0	0	0	0	0	0	0	0	0	4420	0	0	0	0	0	0	0	0	0	// Spirit Pants
34	443	443	1	508	76	0	4430	0	0	0	0	0	0	0	0	0	4430	0	0	0	0	0	0	0	0	0	// Spirit Boots
34	444	444	1	508	80	0	4440	0	0	0	0	0	0	0	0	0	4440	0	0	0	0	0	0	0	0	0	// Guardian Helm
34	445	445	1	508	80	0	4450	0	0	0	0	0	0	0	0	0	4450	0	0	0	0	0	0	0	0	0	// Guardian Armor
34	446	446	1	508	80	0	4460	0	0	0	0	0	0	0	0	0	4460	0	0	0	0	0	0	0	0	0	// Guardian Gloves
34	447	447	1	508	80	0	4470	0	0	0	0	0	0	0	0	0	4470	0	0	0	0	0	0	0	0	0	// Guardian Pants
34	448	448	1	508	80	0	4480	0	0	0	0	0	0	0	0	0	4480	0	0	0	0	0	0	0	0	0	// Guardian Boots
34	449	449	1	508	82	0	4490	0	0	0	0	0	0	0	0	0	4490	0	0	0	0	0	0	0	0	0	// Divine Helm
34	450	450	1	508	82	0	4500	0	0	0	0	0	0	0	0	0	4500	0	0	0	0	0	0	0	0	0	// Divine Armor
34	451	451	1	508	82	0	4510	0	0	0	0	0	0	0	0	0	4510	0	0	0	0	0	0	0	0	0	// Divine Gloves
34	452	452	1	508	82	0	4520	0	0	0	0	0	0	0	0	0	4520	0	0	0	0	0	0	0	0	0	// Divine Pants
34	453	453	1	508	82	0	4530	0	0	0	0	0	0	0	0	0	4530	0	0	0	0	0	0	0	0	0	// Divine Boots
34	454	454	1	508	84	0	4540	0	0	0	0	0	0	0	0	0	4540	0	0	0	0	0	0	0	0	0	// Red Spirit Helm
34	455	455	1	508	84	0	4550	0	0	0	0	0	0	0	0	0	4550	0	0	0	0	0	0	0	0	0	// Red Sprit Armor
34	456	456	1	508	84	0	4560	0	0	0	0	0	0	0	0	0	4560	0	0	0	0	0	0	0	0	0	// Red Spirit Gloves
34	457	457	1	508	84	0	4570	0	0	0	0	0	0	0	0	0	4570	0	0	0	0	0	0	0	0	0	// Red Spirit Pants
34	458	458	1	508	84	0	4580	0	0	0	0	0	0	0	0	0	4580	0	0	0	0	0	0	0	0	0	// Red Spirit Boots
34	459	459	1	508	90	0	4590	0	0	0	0	0	0	0	0	0	4590	0	0	0	0	0	0	0	0	0	// Sylphid Ray Helm
34	460	460	1	508	90	0	4600	0	0	0	0	0	0	0	0	0	4600	0	0	0	0	0	0	0	0	0	// Sylphid Ray Armor
34	461	461	1	508	90	0	4610	0	0	0	0	0	0	0	0	0	4610	0	0	0	0	0	0	0	0	0	// Sylphid Ray Gloves
34	462	462	1	508	90	0	4620	0	0	0	0	0	0	0	0	0	4620	0	0	0	0	0	0	0	0	0	// Sylphid Ray Pants
34	463	463	1	508	90	0	4630	0	0	0	0	0	0	0	0	0	4630	0	0	0	0	0	0	0	0	0	// Sylphid Ray Boots
34	464	464	1	508	86	0	4640	0	0	0	0	0	0	0	0	0	4640	0	0	0	0	0	0	0	0	0	// Iris Helm
34	465	465	1	508	86	0	4650	0	0	0	0	0	0	0	0	0	4650	0	0	0	0	0	0	0	0	0	// Iris Armor
34	466	466	1	508	86	0	4660	0	0	0	0	0	0	0	0	0	4660	0	0	0	0	0	0	0	0	0	// Iris Gloves
34	467	467	1	508	86	0	4670	0	0	0	0	0	0	0	0	0	4670	0	0	0	0	0	0	0	0	0	// Iris Pants
34	468	468	1	508	86	0	4680	0	0	0	0	0	0	0	0	0	4680	0	0	0	0	0	0	0	0	0	// Iris Boots
34	469	469	1	508	100	0	4690	0	0	0	0	0	0	0	0	0	4690	0	0	0	0	0	0	0	0	0	// Seraphim Helm
34	470	470	1	508	100	0	4700	0	0	0	0	0	0	0	0	0	4700	0	0	0	0	0	0	0	0	0	// Seraphim Armor
34	471	471	1	508	100	0	4710	0	0	0	0	0	0	0	0	0	4710	0	0	0	0	0	0	0	0	0	// Seraphim Gloves
34	472	472	1	508	100	0	4720	0	0	0	0	0	0	0	0	0	4720	0	0	0	0	0	0	0	0	0	// Seraphim Pants
34	473	473	1	508	100	0	4730	0	0	0	0	0	0	0	0	0	4730	0	0	0	0	0	0	0	0	0	// Seraphim Boots
34	474	474	1	508	100	0	4740	0	0	0	0	0	0	0	0	0	4740	0	0	0	0	0	0	0	0	0	// Divine Helm
34	475	475	1	508	100	0	4750	0	0	0	0	0	0	0	0	0	4750	0	0	0	0	0	0	0	0	0	// Divine Armor
34	476	476	1	508	100	0	4760	0	0	0	0	0	0	0	0	0	4760	0	0	0	0	0	0	0	0	0	// Divine Gloves
34	477	477	1	508	100	0	4770	0	0	0	0	0	0	0	0	0	4770	0	0	0	0	0	0	0	0	0	// Divine Pants
34	478	478	1	508	100	0	4780	0	0	0	0	0	0	0	0	0	4780	0	0	0	0	0	0	0	0	0	// Divine Boots
35	100	100	1	508	80	0	1000	0	0	0	0	0	0	0	0	0	1000	0	0	0	0	0	0	0	0	0	// Storm Crow Armor
35	101	101	1	508	80	0	1010	0	0	0	0	0	0	0	0	0	1010	0	0	0	0	0	0	0	0	0	// Storm Crow Gloves
35	102	102	1	508	80	0	1020	0	0	0	0	0	0	0	0	0	1020	0	0	0	0	0	0	0	0	0	// Storm Crow Pants
35	103	103	1	508	80	0	1030	0	0	0	0	0	0	0	0	0	1030	0	0	0	0	0	0	0	0	0	// Storm Crow Boots
35	104	104	1	508	82	0	1040	0	0	0	0	0	0	0	0	0	1040	0	0	0	0	0	0	0	0	0	// Thunder Hawk Armor
35	105	105	1	508	82	0	1050	0	0	0	0	0	0	0	0	0	1050	0	0	0	0	0	0	0	0	0	// Thunder Hawk Gloves
35	106	106	1	508	82	0	1060	0	0	0	0	0	0	0	0	0	1060	0	0	0	0	0	0	0	0	0	// Thunder Hawk Pants
35	107	107	1	508	82	0	1070	0	0	0	0	0	0	0	0	0	1070	0	0	0	0	0	0	0	0	0	// Thunder Hawk Boots
35	108	108	1	508	84	0	1080	0	0	0	0	0	0	0	0	0	1080	0	0	0	0	0	0	0	0	0	// Hurricane Armor
35	109	109	1	508	84	0	1090	0	0	0	0	0	0	0	0	0	1090	0	0	0	0	0	0	0	0	0	// Hurricane Gloves
35	110	110	1	508	84	0	1100	0	0	0	0	0	0	0	0	0	1100	0	0	0	0	0	0	0	0	0	// Hurricane Pants
35	111	111	1	508	84	0	1110	0	0	0	0	0	0	0	0	0	1110	0	0	0	0	0	0	0	0	0	// Hurricane Boots
35	112	112	1	508	90	0	1120	0	0	0	0	0	0	0	0	0	1120	0	0	0	0	0	0	0	0	0	// Volcano Armor
35	113	113	1	508	90	0	1130	0	0	0	0	0	0	0	0	0	1130	0	0	0	0	0	0	0	0	0	// Volcano Gloves
35	114	114	1	508	90	0	1140	0	0	0	0	0	0	0	0	0	1140	0	0	0	0	0	0	0	0	0	// Volcano Pants
35	115	115	1	508	90	0	1150	0	0	0	0	0	0	0	0	0	1150	0	0	0	0	0	0	0	0	0	// Volcano Boots
35	116	116	1	508	86	0	1160	0	0	0	0	0	0	0	0	0	1160	0	0	0	0	0	0	0	0	0	// Valiant Armor
35	117	117	1	508	86	0	1170	0	0	0	0	0	0	0	0	0	1170	0	0	0	0	0	0	0	0	0	// Valiant Gloves
35	118	118	1	508	86	0	1180	0	0	0	0	0	0	0	0	0	1180	0	0	0	0	0	0	0	0	0	// Valiant Pants
35	119	119	1	508	86	0	1190	0	0	0	0	0	0	0	0	0	1190	0	0	0	0	0	0	0	0	0	// Valiant Boots
35	120	120	1	508	100	0	1200	0	0	0	0	0	0	0	0	0	1200	0	0	0	0	0	0	0	0	0	// Phantom Armor
35	121	121	1	508	100	0	1210	0	0	0	0	0	0	0	0	0	1210	0	0	0	0	0	0	0	0	0	// Phantom  Gloves
35	122	122	1	508	100	0	1220	0	0	0	0	0	0	0	0	0	1220	0	0	0	0	0	0	0	0	0	// Phantom  Pants
35	123	123	1	508	100	0	1230	0	0	0	0	0	0	0	0	0	1230	0	0	0	0	0	0	0	0	0	// Phantom Boots
35	124	124	1	508	100	0	1240	0	0	0	0	0	0	0	0	0	1240	0	0	0	0	0	0	0	0	0	// Destroy Armor
35	125	125	1	508	100	0	1250	0	0	0	0	0	0	0	0	0	1250	0	0	0	0	0	0	0	0	0	// Destroy Gloves
35	126	126	1	508	100	0	1260	0	0	0	0	0	0	0	0	0	1260	0	0	0	0	0	0	0	0	0	// Destroy Pants
35	127	127	1	508	100	0	1270	0	0	0	0	0	0	0	0	0	1270	0	0	0	0	0	0	0	0	0	// Destroy Boots
36	193	193	1	508	80	0	1930	0	0	0	0	0	0	0	0	0	1930	0	0	0	0	0	0	0	0	0	// Sacred Helm
36	194	194	1	508	80	0	1940	0	0	0	0	0	0	0	0	0	1940	0	0	0	0	0	0	0	0	0	// Sacred Armor
36	195	195	1	508	80	0	1950	0	0	0	0	0	0	0	0	0	1950	0	0	0	0	0	0	0	0	0	// Sacred Pants
36	196	196	1	508	80	0	1960	0	0	0	0	0	0	0	0	0	1960	0	0	0	0	0	0	0	0	0	// Sacred Boots
36	197	197	1	508	84	0	1970	0	0	0	0	0	0	0	0	0	1970	0	0	0	0	0	0	0	0	0	// Storm Hard Helm
36	198	198	1	508	84	0	1980	0	0	0	0	0	0	0	0	0	1980	0	0	0	0	0	0	0	0	0	// Storm Hard Armor
36	199	199	1	508	84	0	1990	0	0	0	0	0	0	0	0	0	1990	0	0	0	0	0	0	0	0	0	// Storm Hard Pants
36	200	200	1	508	84	0	2000	0	0	0	0	0	0	0	0	0	2000	0	0	0	0	0	0	0	0	0	// Storm Hard Boots
36	201	201	1	508	86	0	2010	0	0	0	0	0	0	0	0	0	2010	0	0	0	0	0	0	0	0	0	// Piercing Helm
36	202	202	1	508	86	0	2020	0	0	0	0	0	0	0	0	0	2020	0	0	0	0	0	0	0	0	0	// Piercing Armor
36	203	203	1	508	86	0	2030	0	0	0	0	0	0	0	0	0	2030	0	0	0	0	0	0	0	0	0	// Piercing Pants
36	204	204	1	508	86	0	2040	0	0	0	0	0	0	0	0	0	2040	0	0	0	0	0	0	0	0	0	// Piercing Boots
36	205	205	1	508	90	0	2050	0	0	0	0	0	0	0	0	0	2050	0	0	0	0	0	0	0	0	0	// Phoenix Soul Helm
36	206	206	1	508	90	0	2060	0	0	0	0	0	0	0	0	0	2060	0	0	0	0	0	0	0	0	0	// Phoenix Soul Armor
36	207	207	1	508	90	0	2070	0	0	0	0	0	0	0	0	0	2070	0	0	0	0	0	0	0	0	0	// Phoenix Soul Pants
36	208	208	1	508	90	0	2080	0	0	0	0	0	0	0	0	0	2080	0	0	0	0	0	0	0	0	0	// Phoenix Soul Boots
37	128	128	1	508	76	0	1280	0	0	0	0	0	0	0	0	0	1280	0	0	0	0	0	0	0	0	0	// Light Plate Mask
37	129	129	1	508	76	0	1290	0	0	0	0	0	0	0	0	0	1290	0	0	0	0	0	0	0	0	0	// Light Plate Armor
37	130	130	1	508	76	0	1300	0	0	0	0	0	0	0	0	0	1300	0	0	0	0	0	0	0	0	0	// Light Plate Gloves
37	131	131	1	508	76	0	1310	0	0	0	0	0	0	0	0	0	1310	0	0	0	0	0	0	0	0	0	// Light Plate Pants
37	132	132	1	508	76	0	1320	0	0	0	0	0	0	0	0	0	1320	0	0	0	0	0	0	0	0	0	// Light Plate Boots
37	133	133	1	508	80	0	1330	0	0	0	0	0	0	0	0	0	1330	0	0	0	0	0	0	0	0	0	// Adamantine Mask
37	134	134	1	508	80	0	1340	0	0	0	0	0	0	0	0	0	1340	0	0	0	0	0	0	0	0	0	// Adamantine Armor
37	135	135	1	508	80	0	1350	0	0	0	0	0	0	0	0	0	1350	0	0	0	0	0	0	0	0	0	// Adamantine Pants
37	136	136	1	508	80	0	1360	0	0	0	0	0	0	0	0	0	1360	0	0	0	0	0	0	0	0	0	// Adamantine Gloves
37	137	137	1	508	80	0	1370	0	0	0	0	0	0	0	0	0	1370	0	0	0	0	0	0	0	0	0	// Adamantine Boots
37	138	138	1	508	82	0	1380	0	0	0	0	0	0	0	0	0	1380	0	0	0	0	0	0	0	0	0	// Dark Steel Mask
37	139	139	1	508	82	0	1390	0	0	0	0	0	0	0	0	0	1390	0	0	0	0	0	0	0	0	0	// Dark Steel Armor
37	140	140	1	508	82	0	1400	0	0	0	0	0	0	0	0	0	1400	0	0	0	0	0	0	0	0	0	// Dark Steel Gloves
37	141	141	1	508	82	0	1410	0	0	0	0	0	0	0	0	0	1410	0	0	0	0	0	0	0	0	0	// Dark Steel Pants
37	142	142	1	508	82	0	1420	0	0	0	0	0	0	0	0	0	1420	0	0	0	0	0	0	0	0	0	// Dark Steel Boots
37	143	143	1	508	84	0	1430	0	0	0	0	0	0	0	0	0	1430	0	0	0	0	0	0	0	0	0	// Dark Master Mask
37	144	144	1	508	84	0	1440	0	0	0	0	0	0	0	0	0	1440	0	0	0	0	0	0	0	0	0	// Dark Master Armor
37	145	145	1	508	84	0	1450	0	0	0	0	0	0	0	0	0	1450	0	0	0	0	0	0	0	0	0	// Dark Master Gloves
37	146	146	1	508	84	0	1460	0	0	0	0	0	0	0	0	0	1460	0	0	0	0	0	0	0	0	0	// Dark Master Pants
37	147	147	1	508	84	0	1470	0	0	0	0	0	0	0	0	0	1470	0	0	0	0	0	0	0	0	0	// Dark Master Boots
37	148	148	1	508	90	0	1480	0	0	0	0	0	0	0	0	0	1480	0	0	0	0	0	0	0	0	0	// Sunlight Mask
37	149	149	1	508	90	0	1490	0	0	0	0	0	0	0	0	0	1490	0	0	0	0	0	0	0	0	0	// Sunlight Armor
37	150	150	1	508	90	0	1500	0	0	0	0	0	0	0	0	0	1500	0	0	0	0	0	0	0	0	0	// Sunlight Gloves
37	151	151	1	508	90	0	1510	0	0	0	0	0	0	0	0	0	1510	0	0	0	0	0	0	0	0	0	// Sunlight Pants
37	152	152	1	508	90	0	1520	0	0	0	0	0	0	0	0	0	1520	0	0	0	0	0	0	0	0	0	// Sunlight Boots
37	153	153	1	508	86	0	1530	0	0	0	0	0	0	0	0	0	1530	0	0	0	0	0	0	0	0	0	// Glorious Mask
37	154	154	1	508	86	0	1540	0	0	0	0	0	0	0	0	0	1540	0	0	0	0	0	0	0	0	0	// Glorious Armor
37	155	155	1	508	86	0	1550	0	0	0	0	0	0	0	0	0	1550	0	0	0	0	0	0	0	0	0	// Glorious Gloves
37	156	156	1	508	86	0	1560	0	0	0	0	0	0	0	0	0	1560	0	0	0	0	0	0	0	0	0	// Glorious Pants
37	157	157	1	508	86	0	1570	0	0	0	0	0	0	0	0	0	1570	0	0	0	0	0	0	0	0	0	// Glorious Boots
37	158	158	1	508	100	0	1580	0	0	0	0	0	0	0	0	0	1580	0	0	0	0	0	0	0	0	0	// Royal Mask
37	159	159	1	508	100	0	1590	0	0	0	0	0	0	0	0	0	1590	0	0	0	0	0	0	0	0	0	// Royal Armor
37	160	160	1	508	100	0	1600	0	0	0	0	0	0	0	0	0	1600	0	0	0	0	0	0	0	0	0	// Royal Gloves
37	161	161	1	508	100	0	1610	0	0	0	0	0	0	0	0	0	1610	0	0	0	0	0	0	0	0	0	// Royal Pants
37	162	162	1	508	100	0	1620	0	0	0	0	0	0	0	0	0	1620	0	0	0	0	0	0	0	0	0	// Royal Boots
38	209	209	1	508	100	0	2090	0	0	0	0	0	0	0	0	0	2090	0	0	0	0	0	0	0	0	0	// Lucky Scale Helm
38	210	210	1	508	100	0	2100	0	0	0	0	0	0	0	0	0	2100	0	0	0	0	0	0	0	0	0	// Lucky Scale Armor
38	211	211	1	508	100	0	2110	0	0	0	0	0	0	0	0	0	2110	0	0	0	0	0	0	0	0	0	// Lucky Scale Gloves
38	212	212	1	508	100	0	2120	0	0	0	0	0	0	0	0	0	2120	0	0	0	0	0	0	0	0	0	// Lucky Scale Pants
38	213	213	1	508	100	0	2130	0	0	0	0	0	0	0	0	0	2130	0	0	0	0	0	0	0	0	0	// Lucky Scale Boots
38	214	214	1	508	100	0	2140	0	0	0	0	0	0	0	0	0	2140	0	0	0	0	0	0	0	0	0	// Lucky Silk Helm
38	215	215	1	508	100	0	2150	0	0	0	0	0	0	0	0	0	2150	0	0	0	0	0	0	0	0	0	// Lucky Silk Armor
38	216	216	1	508	100	0	2160	0	0	0	0	0	0	0	0	0	2160	0	0	0	0	0	0	0	0	0	// Lucky Silk Gloves
38	217	217	1	508	100	0	2170	0	0	0	0	0	0	0	0	0	2170	0	0	0	0	0	0	0	0	0	// Lucky Silk Pants
38	218	218	1	508	100	0	2180	0	0	0	0	0	0	0	0	0	2180	0	0	0	0	0	0	0	0	0	// Lucky Silk Boots
38	219	219	1	508	100	0	2190	0	0	0	0	0	0	0	0	0	2190	0	0	0	0	0	0	0	0	0	// Lucky Sphinx Helm
38	220	220	1	508	100	0	2200	0	0	0	0	0	0	0	0	0	2200	0	0	0	0	0	0	0	0	0	// Lucky Sphinx Armor
38	221	221	1	508	100	0	2210	0	0	0	0	0	0	0	0	0	2210	0	0	0	0	0	0	0	0	0	// Lucky Sphinx Gloves
38	222	222	1	508	100	0	2220	0	0	0	0	0	0	0	0	0	2220	0	0	0	0	0	0	0	0	0	// Lucky Sphinx Pants
38	223	223	1	508	100	0	2230	0	0	0	0	0	0	0	0	0	2230	0	0	0	0	0	0	0	0	0	// Lucky Sphinx Boots
38	224	224	1	508	100	0	2240	0	0	0	0	0	0	0	0	0	2240	0	0	0	0	0	0	0	0	0	// Lucky Violent Wind Helm
38	225	225	1	508	100	0	2250	0	0	0	0	0	0	0	0	0	2250	0	0	0	0	0	0	0	0	0	// Lucky Violent Wind Armor
38	226	226	1	508	100	0	2260	0	0	0	0	0	0	0	0	0	2260	0	0	0	0	0	0	0	0	0	// Lucky Violent Wind Gloves
38	227	227	1	508	100	0	2270	0	0	0	0	0	0	0	0	0	2270	0	0	0	0	0	0	0	0	0	// Lucky Violent Wind Pants
38	228	228	1	508	100	0	2280	0	0	0	0	0	0	0	0	0	2280	0	0	0	0	0	0	0	0	0	// Lucky Violent Wind Boots
38	229	229	1	508	100	0	2290	0	0	0	0	0	0	0	0	0	2290	0	0	0	0	0	0	0	0	0	// Lucky Dark Soul Helm
38	230	230	1	508	100	0	2300	0	0	0	0	0	0	0	0	0	2300	0	0	0	0	0	0	0	0	0	// Lucky Dark Soul Armor
38	231	231	1	508	100	0	2310	0	0	0	0	0	0	0	0	0	2310	0	0	0	0	0	0	0	0	0	// Lucky Dark Soul Gloves
38	232	232	1	508	100	0	2320	0	0	0	0	0	0	0	0	0	2320	0	0	0	0	0	0	0	0	0	// Lucky Dark Soul Pants
38	233	233	1	508	100	0	2330	0	0	0	0	0	0	0	0	0	2330	0	0	0	0	0	0	0	0	0	// Lucky Dark Soul Boots
38	234	234	1	508	100	0	2340	0	0	0	0	0	0	0	0	0	2340	0	0	0	0	0	0	0	0	0	// Lucky Dragon Helm
38	235	235	1	508	100	0	2350	0	0	0	0	0	0	0	0	0	2350	0	0	0	0	0	0	0	0	0	// Lucky Dragon Armor
38	236	236	1	508	100	0	2360	0	0	0	0	0	0	0	0	0	2360	0	0	0	0	0	0	0	0	0	// Lucky Dragon Gloves
38	237	237	1	508	100	0	2370	0	0	0	0	0	0	0	0	0	2370	0	0	0	0	0	0	0	0	0	// Lucky Dragon Pants
38	238	238	1	508	100	0	2380	0	0	0	0	0	0	0	0	0	2380	0	0	0	0	0	0	0	0	0	// Lucky Dragon Boots
38	239	239	1	508	100	0	2390	0	0	0	0	0	0	0	0	0	2390	0	0	0	0	0	0	0	0	0	// Lucky Guardian Helm
38	240	240	1	508	100	0	2400	0	0	0	0	0	0	0	0	0	2400	0	0	0	0	0	0	0	0	0	// Lucky Guardian Armor
38	241	241	1	508	100	0	2410	0	0	0	0	0	0	0	0	0	2410	0	0	0	0	0	0	0	0	0	// Lucky Guardian Gloves
38	242	242	1	508	100	0	2420	0	0	0	0	0	0	0	0	0	2420	0	0	0	0	0	0	0	0	0	// Lucky Guardian Pants
38	243	243	1	508	100	0	2430	0	0	0	0	0	0	0	0	0	2430	0	0	0	0	0	0	0	0	0	// Lucky Guardian Boots
38	244	244	1	508	100	0	2440	0	0	0	0	0	0	0	0	0	2440	0	0	0	0	0	0	0	0	0	// Lucky Legendary Helm
38	245	245	1	508	100	0	2450	0	0	0	0	0	0	0	0	0	2450	0	0	0	0	0	0	0	0	0	// Lucky Legendary Armor
38	246	246	1	508	100	0	2460	0	0	0	0	0	0	0	0	0	2460	0	0	0	0	0	0	0	0	0	// Lucky Legendary Gloves
38	247	247	1	508	100	0	2470	0	0	0	0	0	0	0	0	0	2470	0	0	0	0	0	0	0	0	0	// Lucky Legendary Pants
38	248	248	1	508	100	0	2480	0	0	0	0	0	0	0	0	0	2480	0	0	0	0	0	0	0	0	0	// Lucky Legendary Boots
38	249	249	1	508	100	0	2490	0	0	0	0	0	0	0	0	0	2490	0	0	0	0	0	0	0	0	0	// Lucky Red Wing Helm
38	250	250	1	508	100	0	2500	0	0	0	0	0	0	0	0	0	2500	0	0	0	0	0	0	0	0	0	// Lucky Red Wing Armor
38	251	251	1	508	100	0	2510	0	0	0	0	0	0	0	0	0	2510	0	0	0	0	0	0	0	0	0	// Lucky Red Wing Gloves
38	252	252	1	508	100	0	2520	0	0	0	0	0	0	0	0	0	2520	0	0	0	0	0	0	0	0	0	// Lucky Red Wing Pants
38	253	253	1	508	100	0	2530	0	0	0	0	0	0	0	0	0	2530	0	0	0	0	0	0	0	0	0	// Lucky Red Wing Boots
38	254	254	1	508	100	0	2540	0	0	0	0	0	0	0	0	0	2540	0	0	0	0	0	0	0	0	0	// Lucky Atlans Armor
38	255	255	1	508	100	0	2550	0	0	0	0	0	0	0	0	0	2550	0	0	0	0	0	0	0	0	0	// Lucky Atlans Gloves
38	256	256	1	508	100	0	2560	0	0	0	0	0	0	0	0	0	2560	0	0	0	0	0	0	0	0	0	// Lucky Atlans Pants
38	257	257	1	508	100	0	2570	0	0	0	0	0	0	0	0	0	2570	0	0	0	0	0	0	0	0	0	// Lucky Atlans Boots
38	258	258	1	508	100	0	2580	0	0	0	0	0	0	0	0	0	2580	0	0	0	0	0	0	0	0	0	// Lucky Storm Hard Helm
38	259	259	1	508	100	0	2590	0	0	0	0	0	0	0	0	0	2590	0	0	0	0	0	0	0	0	0	// Lucky Storm Hard Armor
38	260	260	1	508	100	0	2600	0	0	0	0	0	0	0	0	0	2600	0	0	0	0	0	0	0	0	0	// Lucky Storm Hard Pants
38	261	261	1	508	100	0	2610	0	0	0	0	0	0	0	0	0	2610	0	0	0	0	0	0	0	0	0	// Lucky Storm Hard Boots
38	262	262	1	508	50	0	2620	0	0	0	0	0	0	0	0	0	2620	0	0	0	0	0	0	0	0	0	// Jewel of Elevation
38	263	263	1	508	50	0	2630	0	0	0	0	0	0	0	0	0	2630	0	0	0	0	0	0	0	0	0	// Jewel of Extension
39	341	341	1	508	90	0	3410	0	0	0	0	0	0	0	0	0	3410	0	0	0	0	0	0	0	0	0	// Wings of Spirits
39	342	342	1	508	90	0	3420	0	0	0	0	0	0	0	0	0	3420	0	0	0	0	0	0	0	0	0	// Wings of Soul
39	343	343	1	508	90	0	3430	0	0	0	0	0	0	0	0	0	3430	0	0	0	0	0	0	0	0	0	// Wings of Dragon
39	344	344	1	508	90	0	3440	0	0	0	0	0	0	0	0	0	3440	0	0	0	0	0	0	0	0	0	// Wings of Darkness
39	345	345	1	508	90	0	3450	0	0	0	0	0	0	0	0	0	3450	0	0	0	0	0	0	0	0	0	// Wind of Despair
39	346	346	1	508	90	0	3460	0	0	0	0	0	0	0	0	0	3460	0	0	0	0	0	0	0	0	0	// Cloak of Warrior
39	347	347	1	508	90	0	3470	0	0	0	0	0	0	0	0	0	3470	0	0	0	0	0	0	0	0	0	// Cape of Lord
39	348	348	1	508	100	0	3480	0	0	0	0	0	0	0	0	0	3480	0	0	0	0	0	0	0	0	0	// Wing of Storm
39	349	349	1	508	100	0	3490	0	0	0	0	0	0	0	0	0	3490	0	0	0	0	0	0	0	0	0	// Wing of Eternal
39	350	350	1	508	100	0	3500	0	0	0	0	0	0	0	0	0	3500	0	0	0	0	0	0	0	0	0	// Wing of Illusion
39	351	351	1	508	100	0	3510	0	0	0	0	0	0	0	0	0	3510	0	0	0	0	0	0	0	0	0	// Wing of Ruin
39	352	352	1	508	100	0	3520	0	0	0	0	0	0	0	0	0	3520	0	0	0	0	0	0	0	0	0	// Cape of Emperor
39	353	353	1	508	100	0	3530	0	0	0	0	0	0	0	0	0	3530	0	0	0	0	0	0	0	0	0	// Wing of Dimension
39	354	354	1	508	100	0	3540	0	0	0	0	0	0	0	0	0	3540	0	0	0	0	0	0	0	0	0	// Lord of the Cape
40	264	264	1	508	50	0	2640	0	0	0	0	0	0	0	0	0	2640	0	0	0	0	0	0	0	0	0	// Ring of Ice
40	265	265	1	508	50	0	2650	0	0	0	0	0	0	0	0	0	2650	0	0	0	0	0	0	0	0	0	// Ring of Poison
40	266	266	1	508	60	0	2660	0	0	0	0	0	0	0	0	0	2660	0	0	0	0	0	0	0	0	0	// Pendant of Lighting
40	267	267	1	508	60	0	2670	0	0	0	0	0	0	0	0	0	2670	0	0	0	0	0	0	0	0	0	// Pendant of Fire
40	268	268	1	508	50	0	2680	0	0	0	0	0	0	0	0	0	2680	0	0	0	0	0	0	0	0	0	// Ring of Fire
40	269	269	1	508	50	0	2690	0	0	0	0	0	0	0	0	0	2690	0	0	0	0	0	0	0	0	0	// Ring of Earth
40	270	270	1	508	50	0	2700	0	0	0	0	0	0	0	0	0	2700	0	0	0	0	0	0	0	0	0	// Ring of Wind
40	271	271	1	508	50	0	2710	0	0	0	0	0	0	0	0	0	2710	0	0	0	0	0	0	0	0	0	// Ring of Magic
40	272	272	1	508	60	0	2720	0	0	0	0	0	0	0	0	0	2720	0	0	0	0	0	0	0	0	0	// Pendant of Ice
40	273	273	1	508	60	0	2730	0	0	0	0	0	0	0	0	0	2730	0	0	0	0	0	0	0	0	0	// Pendant of Wind
40	274	274	1	508	60	0	2740	0	0	0	0	0	0	0	0	0	2740	0	0	0	0	0	0	0	0	0	// Pendant of Water
40	275	275	1	508	60	0	2750	0	0	0	0	0	0	0	0	0	2750	0	0	0	0	0	0	0	0	0	// Pendant of Ability
41	479	479	1	508	70	0	4790	0	0	0	0	0	0	0	0	0	4790	0	0	0	0	0	0	0	0	0	// Kris
41	480	480	1	508	65	0	4800	0	0	0	0	0	0	0	0	0	4800	0	0	0	0	0	0	0	0	0	// Short Sword
41	481	481	1	508	68	0	4810	0	0	0	0	0	0	0	0	0	4810	0	0	0	0	0	0	0	0	0	// Rapier
41	482	482	1	508	68	0	4820	0	0	0	0	0	0	0	0	0	4820	0	0	0	0	0	0	0	0	0	// Katana
41	483	483	1	508	68	0	4830	0	0	0	0	0	0	0	0	0	4830	0	0	0	0	0	0	0	0	0	// Sword of Assassin
41	484	484	1	508	68	0	4840	0	0	0	0	0	0	0	0	0	4840	0	0	0	0	0	0	0	0	0	// Blade
41	485	485	1	508	70	0	4850	0	0	0	0	0	0	0	0	0	4850	0	0	0	0	0	0	0	0	0	// Gladius
41	486	486	1	508	70	0	4860	0	0	0	0	0	0	0	0	0	4860	0	0	0	0	0	0	0	0	0	// Falchion
41	487	487	1	508	70	0	4870	0	0	0	0	0	0	0	0	0	4870	0	0	0	0	0	0	0	0	0	// Serpent Sword
41	488	488	1	508	71	0	4880	0	0	0	0	0	0	0	0	0	4880	0	0	0	0	0	0	0	0	0	// Sword of Salamander
41	489	489	1	508	72	0	4890	0	0	0	0	0	0	0	0	0	4890	0	0	0	0	0	0	0	0	0	// Light Saber
41	490	490	1	508	73	0	4900	0	0	0	0	0	0	0	0	0	4900	0	0	0	0	0	0	0	0	0	// Legendary Sword
41	491	491	1	508	74	0	4910	0	0	0	0	0	0	0	0	0	4910	0	0	0	0	0	0	0	0	0	// Heliacal Sword
41	492	492	1	508	75	0	4920	0	0	0	0	0	0	0	0	0	4920	0	0	0	0	0	0	0	0	0	// Double Blade
41	493	493	1	508	75	0	4930	0	0	0	0	0	0	0	0	0	4930	0	0	0	0	0	0	0	0	0	// Lighting Sword
41	494	494	1	508	75	0	4940	0	0	0	0	0	0	0	0	0	4940	0	0	0	0	0	0	0	0	0	// Giant Sword
41	495	495	1	508	77	0	4950	0	0	0	0	0	0	0	0	0	4950	0	0	0	0	0	0	0	0	0	// Sword of Destruction
41	496	496	1	508	80	0	4960	0	0	0	0	0	0	0	0	0	4960	0	0	0	0	0	0	0	0	0	// Dark Breaker
41	497	497	1	508	80	0	4970	0	0	0	0	0	0	0	0	0	4970	0	0	0	0	0	0	0	0	0	// Thunder Blade
41	498	498	1	508	80	0	4980	0	0	0	0	0	0	0	0	0	4980	0	0	0	0	0	0	0	0	0	// Divine Sword of Archangel
41	499	499	1	508	83	0	4990	0	0	0	0	0	0	0	0	0	4990	0	0	0	0	0	0	0	0	0	// Knight Blade
41	500	500	1	508	83	0	5000	0	0	0	0	0	0	0	0	0	5000	0	0	0	0	0	0	0	0	0	// Dark Reign Blade
41	501	501	1	508	90	0	5010	0	0	0	0	0	0	0	0	0	5010	0	0	0	0	0	0	0	0	0	// Bone Blade
41	502	502	1	508	90	0	5020	0	0	0	0	0	0	0	0	0	5020	0	0	0	0	0	0	0	0	0	// Explosion Blade
41	503	503	1	508	85	0	5030	0	0	0	0	0	0	0	0	0	5030	0	0	0	0	0	0	0	0	0	// Daybreak
41	504	504	1	508	87	0	5040	0	0	0	0	0	0	0	0	0	5040	0	0	0	0	0	0	0	0	0	// Sword Dancer
41	505	505	1	508	100	0	5050	0	0	0	0	0	0	0	0	0	5050	0	0	0	0	0	0	0	0	0	// Flameberge
41	506	506	1	508	100	0	5060	0	0	0	0	0	0	0	0	0	5060	0	0	0	0	0	0	0	0	0	// Sword Breaker
41	507	507	1	508	100	0	5070	0	0	0	0	0	0	0	0	0	5070	0	0	0	0	0	0	0	0	0	// Rune Bastard Sword
41	508	508	1	508	85	0	5080	0	0	0	0	0	0	0	0	0	5080	0	0	0	0	0	0	0	0	0	// Rune Blade
42	509	509	1	508	75	0	5090	0	0	0	0	0	0	0	0	0	5090	0	0	0	0	0	0	0	0	0	// Sacred Glove
42	510	510	1	508	80	0	5100	0	0	0	0	0	0	0	0	0	5100	0	0	0	0	0	0	0	0	0	// Holly Storm Claws
42	511	511	1	508	85	0	5110	0	0	0	0	0	0	0	0	0	5110	0	0	0	0	0	0	0	0	0	// Piercing Glove
42	512	512	1	508	90	0	5120	0	0	0	0	0	0	0	0	0	5120	0	0	0	0	0	0	0	0	0	// Phoenix Soul Star
43	513	513	1	508	65	0	5130	0	0	0	0	0	0	0	0	0	5130	0	0	0	0	0	0	0	0	0	// Small Axe
43	514	514	1	508	66	0	5140	0	0	0	0	0	0	0	0	0	5140	0	0	0	0	0	0	0	0	0	// Hand Axe
43	515	515	1	508	67	0	5150	0	0	0	0	0	0	0	0	0	5150	0	0	0	0	0	0	0	0	0	// Double Axe
43	516	516	1	508	68	0	5160	0	0	0	0	0	0	0	0	0	5160	0	0	0	0	0	0	0	0	0	// Tomahawk
43	517	517	1	508	75	0	5170	0	0	0	0	0	0	0	0	0	5170	0	0	0	0	0	0	0	0	0	// Elven Axe
43	518	518	1	508	72	0	5180	0	0	0	0	0	0	0	0	0	5180	0	0	0	0	0	0	0	0	0	// Battle Axe
43	519	519	1	508	73	0	5190	0	0	0	0	0	0	0	0	0	5190	0	0	0	0	0	0	0	0	0	// Nikea Axe
43	520	520	1	508	75	0	5200	0	0	0	0	0	0	0	0	0	5200	0	0	0	0	0	0	0	0	0	// Larkan Axe
43	521	521	1	508	75	0	5210	0	0	0	0	0	0	0	0	0	5210	0	0	0	0	0	0	0	0	0	// Crescent Axe
44	522	522	1	508	68	0	5220	0	0	0	0	0	0	0	0	0	5220	0	0	0	0	0	0	0	0	0	// Mace
44	523	523	1	508	70	0	5230	0	0	0	0	0	0	0	0	0	5230	0	0	0	0	0	0	0	0	0	// Morning Star
44	524	524	1	508	72	0	5240	0	0	0	0	0	0	0	0	0	5240	0	0	0	0	0	0	0	0	0	// Flail
44	525	525	1	508	73	0	5250	0	0	0	0	0	0	0	0	0	5250	0	0	0	0	0	0	0	0	0	// Great Hammer
44	526	526	1	508	80	0	5260	0	0	0	0	0	0	0	0	0	5260	0	0	0	0	0	0	0	0	0	// Crystal Morning Star
44	527	527	1	508	85	0	5270	0	0	0	0	0	0	0	0	0	5270	0	0	0	0	0	0	0	0	0	// Crystal Sword
44	528	528	1	508	82	0	5280	0	0	0	0	0	0	0	0	0	5280	0	0	0	0	0	0	0	0	0	// Chaos Dragon Axe
44	529	529	1	508	87	0	5290	0	0	0	0	0	0	0	0	0	5290	0	0	0	0	0	0	0	0	0	// Elemental Mace
44	530	530	1	508	73	0	5300	0	0	0	0	0	0	0	0	0	5300	0	0	0	0	0	0	0	0	0	// Battle Scepter
44	531	531	1	508	75	0	5310	0	0	0	0	0	0	0	0	0	5310	0	0	0	0	0	0	0	0	0	// Master Scepter
44	532	532	1	508	77	0	5320	0	0	0	0	0	0	0	0	0	5320	0	0	0	0	0	0	0	0	0	// Great Scepter
44	533	533	1	508	80	0	5330	0	0	0	0	0	0	0	0	0	5330	0	0	0	0	0	0	0	0	0	// Lord Scepter
44	534	534	1	508	81	0	5340	0	0	0	0	0	0	0	0	0	5340	0	0	0	0	0	0	0	0	0	// Great Lord Scepter
44	535	535	1	508	83	0	5350	0	0	0	0	0	0	0	0	0	5350	0	0	0	0	0	0	0	0	0	// Divine Scepter of Archangel
44	536	536	1	508	87	0	5360	0	0	0	0	0	0	0	0	0	5360	0	0	0	0	0	0	0	0	0	// Soleil Sceptor
44	537	537	1	508	85	0	5370	0	0	0	0	0	0	0	0	0	5370	0	0	0	0	0	0	0	0	0	// Shining Scepter
44	538	538	1	508	100	0	5380	0	0	0	0	0	0	0	0	0	5380	0	0	0	0	0	0	0	0	0	// Frost Mace
44	539	539	1	508	100	0	5390	0	0	0	0	0	0	0	0	0	5390	0	0	0	0	0	0	0	0	0	// Absolute Scepter
44	540	540	1	508	85	0	5400	0	0	0	0	0	0	0	0	0	5400	0	0	0	0	0	0	0	0	0	// Striker Scepter
45	541	541	1	508	72	0	5410	0	0	0	0	0	0	0	0	0	5410	0	0	0	0	0	0	0	0	0	// Light Spear
45	542	542	1	508	73	0	5420	0	0	0	0	0	0	0	0	0	5420	0	0	0	0	0	0	0	0	0	// Spear
45	543	543	1	508	73	0	5430	0	0	0	0	0	0	0	0	0	5430	0	0	0	0	0	0	0	0	0	// Dragon Lance
45	544	544	1	508	74	0	5440	0	0	0	0	0	0	0	0	0	5440	0	0	0	0	0	0	0	0	0	// Giant Trident
45	545	545	1	508	74	0	5450	0	0	0	0	0	0	0	0	0	5450	0	0	0	0	0	0	0	0	0	// Serpent Spear
45	546	546	1	508	74	0	5460	0	0	0	0	0	0	0	0	0	5460	0	0	0	0	0	0	0	0	0	// Double Poleaxe
45	547	547	1	508	74	0	5470	0	0	0	0	0	0	0	0	0	5470	0	0	0	0	0	0	0	0	0	// Halberd
45	548	548	1	508	75	0	5480	0	0	0	0	0	0	0	0	0	5480	0	0	0	0	0	0	0	0	0	// Berdysh
45	549	549	1	508	75	0	5490	0	0	0	0	0	0	0	0	0	5490	0	0	0	0	0	0	0	0	0	// Great Scythe
45	550	550	1	508	77	0	5500	0	0	0	0	0	0	0	0	0	5500	0	0	0	0	0	0	0	0	0	// Bill of Balrog
45	551	551	1	508	80	0	5510	0	0	0	0	0	0	0	0	0	5510	0	0	0	0	0	0	0	0	0	// Dragon Spear
45	552	552	1	508	90	0	5520	0	0	0	0	0	0	0	0	0	5520	0	0	0	0	0	0	0	0	0	// Brova
46	553	553	1	508	65	0	5530	0	0	0	0	0	0	0	0	0	5530	0	0	0	0	0	0	0	0	0	// Short Bow
46	554	554	1	508	66	0	5540	0	0	0	0	0	0	0	0	0	5540	0	0	0	0	0	0	0	0	0	// Bow
46	555	555	1	508	66	0	5550	0	0	0	0	0	0	0	0	0	5550	0	0	0	0	0	0	0	0	0	// Elven Bow
46	556	556	1	508	67	0	5560	0	0	0	0	0	0	0	0	0	5560	0	0	0	0	0	0	0	0	0	// Battle Bow
46	557	557	1	508	68	0	5570	0	0	0	0	0	0	0	0	0	5570	0	0	0	0	0	0	0	0	0	// Tiger Bow
46	558	558	1	508	75	0	5580	0	0	0	0	0	0	0	0	0	5580	0	0	0	0	0	0	0	0	0	// Silver Bow
46	559	559	1	508	75	0	5590	0	0	0	0	0	0	0	0	0	5590	0	0	0	0	0	0	0	0	0	// Chaos Nature Bow
46	560	560	1	508	65	0	5600	0	0	0	0	0	0	0	0	0	5600	0	0	0	0	0	0	0	0	0	// Crossbow
46	561	561	1	508	67	0	5610	0	0	0	0	0	0	0	0	0	5610	0	0	0	0	0	0	0	0	0	// Golden Crossbow
46	562	562	1	508	68	0	5620	0	0	0	0	0	0	0	0	0	5620	0	0	0	0	0	0	0	0	0	// Arquebus
46	563	563	1	508	73	0	5630	0	0	0	0	0	0	0	0	0	5630	0	0	0	0	0	0	0	0	0	// Light Crossbow
46	564	564	1	508	75	0	5640	0	0	0	0	0	0	0	0	0	5640	0	0	0	0	0	0	0	0	0	// Serpent Crossbow
46	565	565	1	508	76	0	5650	0	0	0	0	0	0	0	0	0	5650	0	0	0	0	0	0	0	0	0	// Bluewing Crossbow
46	566	566	1	508	78	0	5660	0	0	0	0	0	0	0	0	0	5660	0	0	0	0	0	0	0	0	0	// Aquagold Crossbow
46	567	567	1	508	80	0	5670	0	0	0	0	0	0	0	0	0	5670	0	0	0	0	0	0	0	0	0	// Saint Crossbow
46	568	568	1	508	81	0	5680	0	0	0	0	0	0	0	0	0	5680	0	0	0	0	0	0	0	0	0	// Celestial Bow
46	569	569	1	508	81	0	5690	0	0	0	0	0	0	0	0	0	5690	0	0	0	0	0	0	0	0	0	// Divine Crossbow of Archangel
46	570	570	1	508	83	0	5700	0	0	0	0	0	0	0	0	0	5700	0	0	0	0	0	0	0	0	0	// Great Reign Crossbow
46	571	571	1	508	83	0	5710	0	0	0	0	0	0	0	0	0	5710	0	0	0	0	0	0	0	0	0	// Arrow Viper Bow
46	572	572	1	508	87	0	5720	0	0	0	0	0	0	0	0	0	5720	0	0	0	0	0	0	0	0	0	// Sylph Wind Bow
46	573	573	1	508	85	0	5730	0	0	0	0	0	0	0	0	0	5730	0	0	0	0	0	0	0	0	0	// Albatross Bow
46	574	574	1	508	100	0	5740	0	0	0	0	0	0	0	0	0	5740	0	0	0	0	0	0	0	0	0	// Dark Stinger
46	575	575	1	508	90	0	5750	0	0	0	0	0	0	0	0	0	5750	0	0	0	0	0	0	0	0	0	// Aileen Bowr
47	576	576	1	509	65	0	5760	0	0	0	0	0	0	0	0	0	5760	0	0	0	0	0	0	0	0	0	// Skull Staff
47	577	577	1	509	65	0	5770	0	0	0	0	0	0	0	0	0	5770	0	0	0	0	0	0	0	0	0	// Angelic Staff
47	578	578	1	509	66	0	5780	0	0	0	0	0	0	0	0	0	5780	0	0	0	0	0	0	0	0	0	// Serpent Staff
47	579	579	1	509	68	0	5790	0	0	0	0	0	0	0	0	0	5790	0	0	0	0	0	0	0	0	0	// Thunder Staff
47	580	580	1	509	69	0	5800	0	0	0	0	0	0	0	0	0	5800	0	0	0	0	0	0	0	0	0	// Gorgon Staff
47	581	581	1	509	70	0	5810	0	0	0	0	0	0	0	0	0	5810	0	0	0	0	0	0	0	0	0	// Legendary Staff
47	582	582	1	509	73	0	5820	0	0	0	0	0	0	0	0	0	5820	0	0	0	0	0	0	0	0	0	// Staff of Resurrection
47	583	583	1	509	75	0	5830	0	0	0	0	0	0	0	0	0	5830	0	0	0	0	0	0	0	0	0	// Chaos Lighting Staff
47	584	584	1	509	75	0	5840	0	0	0	0	0	0	0	0	0	5840	0	0	0	0	0	0	0	0	0	// Staff of Destruction
47	585	585	1	509	81	0	5850	0	0	0	0	0	0	0	0	0	5850	0	0	0	0	0	0	0	0	0	// Dragon Soul Staff
47	586	586	1	509	80	0	5860	0	0	0	0	0	0	0	0	0	5860	0	0	0	0	0	0	0	0	0	// Divine Staff of Archangel
47	587	587	1	509	83	0	5870	0	0	0	0	0	0	0	0	0	5870	0	0	0	0	0	0	0	0	0	// Staff of Kundun
47	588	588	1	509	87	0	5880	0	0	0	0	0	0	0	0	0	5880	0	0	0	0	0	0	0	0	0	// Grand Viper Staff
47	589	589	1	509	85	0	5890	0	0	0	0	0	0	0	0	0	5890	0	0	0	0	0	0	0	0	0	// Platina Staff
47	590	590	1	509	75	0	5900	0	0	0	0	0	0	0	0	0	5900	0	0	0	0	0	0	0	0	0	// Mystery Stick
47	591	591	1	509	78	0	5910	0	0	0	0	0	0	0	0	0	5910	0	0	0	0	0	0	0	0	0	// Violent Wind Stick
47	592	592	1	509	81	0	5920	0	0	0	0	0	0	0	0	0	5920	0	0	0	0	0	0	0	0	0	// Red Wing Stick
47	593	593	1	509	83	0	5930	0	0	0	0	0	0	0	0	0	5930	0	0	0	0	0	0	0	0	0	// Ancient Stick
47	594	594	1	509	85	0	5940	0	0	0	0	0	0	0	0	0	5940	0	0	0	0	0	0	0	0	0	// Demonic Stick
47	595	595	1	509	87	0	5950	0	0	0	0	0	0	0	0	0	5950	0	0	0	0	0	0	0	0	0	// Storm Blitz Stick
47	596	596	1	509	85	0	5960	0	0	0	0	0	0	0	0	0	5960	0	0	0	0	0	0	0	0	0	// Deadly Staff
47	597	597	1	509	100	0	5970	0	0	0	0	0	0	0	0	0	5970	0	0	0	0	0	0	0	0	0	// Inberial Staff
47	598	598	1	509	85	0	5980	0	0	0	0	0	0	0	0	0	5980	0	0	0	0	0	0	0	0	0	// Chromatic Staff
47	599	599	1	509	86	0	5990	0	0	0	0	0	0	0	0	0	5990	0	0	0	0	0	0	0	0	0	// Raven Stick
47	600	600	1	509	100	0	6000	0	0	0	0	0	0	0	0	0	6000	0	0	0	0	0	0	0	0	0	// Divine Stick of Archangel
48	604	604	1	509	70	0	6040	0	0	0	0	0	0	0	0	0	6040	0	0	0	0	0	0	0	0	0	// Small Shield
48	605	605	1	509	71	0	6050	0	0	0	0	0	0	0	0	0	6050	0	0	0	0	0	0	0	0	0	// Horn Shield
48	606	606	1	509	72	0	6060	0	0	0	0	0	0	0	0	0	6060	0	0	0	0	0	0	0	0	0	// Kite Shield
48	607	607	1	509	75	0	6070	0	0	0	0	0	0	0	0	0	6070	0	0	0	0	0	0	0	0	0	// Elven Shield
48	608	608	1	509	73	0	6080	0	0	0	0	0	0	0	0	0	6080	0	0	0	0	0	0	0	0	0	// Buckler
48	609	609	1	509	74	0	6090	0	0	0	0	0	0	0	0	0	6090	0	0	0	0	0	0	0	0	0	// Dragon Slayer Shield
48	610	610	1	509	72	0	6100	0	0	0	0	0	0	0	0	0	6100	0	0	0	0	0	0	0	0	0	// Skull Shield
48	611	611	1	509	75	0	6110	0	0	0	0	0	0	0	0	0	6110	0	0	0	0	0	0	0	0	0	// Spiked Shield
48	612	612	1	509	76	0	6120	0	0	0	0	0	0	0	0	0	6120	0	0	0	0	0	0	0	0	0	// Tower Shield
48	613	613	1	509	77	0	6130	0	0	0	0	0	0	0	0	0	6130	0	0	0	0	0	0	0	0	0	// Plate Shield
48	614	614	1	509	78	0	6140	0	0	0	0	0	0	0	0	0	6140	0	0	0	0	0	0	0	0	0	// Large Round Shield
48	615	615	1	509	87	0	6150	0	0	0	0	0	0	0	0	0	6150	0	0	0	0	0	0	0	0	0	// Serpent Shield
48	616	616	1	509	85	0	6160	0	0	0	0	0	0	0	0	0	6160	0	0	0	0	0	0	0	0	0	// Bronze Shield
48	617	617	1	509	90	0	6170	0	0	0	0	0	0	0	0	0	6170	0	0	0	0	0	0	0	0	0	// Dragon Shield
48	618	618	1	509	87	0	6180	0	0	0	0	0	0	0	0	0	6180	0	0	0	0	0	0	0	0	0	// Legendary Shield
48	619	619	1	509	90	0	6190	0	0	0	0	0	0	0	0	0	6190	0	0	0	0	0	0	0	0	0	// Grand Soul Shield
48	620	620	1	509	90	0	6200	0	0	0	0	0	0	0	0	0	6200	0	0	0	0	0	0	0	0	0	// Elemental Shield
48	621	621	1	509	100	0	6210	0	0	0	0	0	0	0	0	0	6210	0	0	0	0	0	0	0	0	0	// Crimson Glory
48	622	622	1	509	100	0	6220	0	0	0	0	0	0	0	0	0	6220	0	0	0	0	0	0	0	0	0	// Salamander Shield
48	623	623	1	509	100	0	6230	0	0	0	0	0	0	0	0	0	6230	0	0	0	0	0	0	0	0	0	// Frost Barrier
48	624	624	1	509	100	0	6240	0	0	0	0	0	0	0	0	0	6240	0	0	0	0	0	0	0	0	0	// Guardian Shield
48	625	625	1	509	100	0	6250	0	0	0	0	0	0	0	0	0	6250	0	0	0	0	0	0	0	0	0	// Cross Shield
49	601	601	1	509	85	0	6010	0	0	0	0	0	0	0	0	0	6010	0	0	0	0	0	0	0	0	0	// Book of Samut
49	602	602	1	509	85	0	6020	0	0	0	0	0	0	0	0	0	6020	0	0	0	0	0	0	0	0	0	// Book of Neil
49	603	603	1	509	85	0	6030	0	0	0	0	0	0	0	0	0	6030	0	0	0	0	0	0	0	0	0	// Book of Lagle
51	626	626	1	509	20	0	6260	0	0	0	0	0	0	0	0	0	6260	0	0	0	0	0	0	0	0	0	// Scroll of Quickness
51	627	627	1	509	20	0	6270	0	0	0	0	0	0	0	0	0	6270	0	0	0	0	0	0	0	0	0	// Scroll of Defense
51	628	628	1	509	20	0	6280	0	0	0	0	0	0	0	0	0	6280	0	0	0	0	0	0	0	0	0	// Scroll of Wrath
51	629	629	1	509	20	0	6290	0	0	0	0	0	0	0	0	0	6290	0	0	0	0	0	0	0	0	0	// Scroll of Wizardry
51	630	630	1	509	20	0	6300	0	0	0	0	0	0	0	0	0	6300	0	0	0	0	0	0	0	0	0	// Scroll of Health
51	631	631	1	509	20	0	6310	0	0	0	0	0	0	0	0	0	6310	0	0	0	0	0	0	0	0	0	// Scroll of Mana
51	632	632	1	509	20	0	6320	0	0	0	0	0	0	0	0	0	6320	0	0	0	0	0	0	0	0	0	// Scroll of Battle
51	633	633	1	509	20	0	6330	0	0	0	0	0	0	0	0	0	6330	0	0	0	0	0	0	0	0	0	// Scroll of Strength
51	634	634	1	509	20	0	6340	0	0	0	0	0	0	0	0	0	6340	0	0	0	0	0	0	0	0	0	// Scroll of Healing
52	635	635	1	509	100	0	6350	0	0	0	0	0	0	0	0	0	6350	0	0	0	0	0	0	0	0	0	// Talisman of Chaos Assembly
52	636	636	1	509	200	0	6360	0	0	0	0	0	0	0	0	0	6360	0	0	0	0	0	0	0	0	0	// Magic Backpack
61	355	355	1	0	800	0	3550	0	0	0	0	0	0	0	0	0	3550	0	0	0	0	0	0	0	0	0	// Wings of Elf
61	356	356	1	0	800	0	3560	0	0	0	0	0	0	0	0	0	3560	0	0	0	0	0	0	0	0	0	// Wings of Heaven
61	357	357	1	0	800	0	3570	0	0	0	0	0	0	0	0	0	3570	0	0	0	0	0	0	0	0	0	// Wings of Satan
61	358	358	1	0	800	0	3580	0	0	0	0	0	0	0	0	0	3580	0	0	0	0	0	0	0	0	0	// Wing of Curse
61	359	359	1	0	800	0	3590	0	0	0	0	0	0	0	0	0	3590	0	0	0	0	0	0	0	0	0	// Small Cloak of Warrior
61	360	360	1	0	800	0	3600	0	0	0	0	0	0	0	0	0	3600	0	0	0	0	0	0	0	0	0	// Small Cape of Lord
62	366	366	1	0	100	0	3660	0	0	0	0	0	0	0	0	0	3660	0	0	0	0	0	0	0	0	0	// Devil Square Ticket
62	367	367	1	0	100	0	3670	0	0	0	0	0	0	0	0	0	3670	0	0	0	0	0	0	0	0	0	// Blood Castle Ticket
62	368	368	1	0	100	0	3680	0	0	0	0	0	0	0	0	0	3680	0	0	0	0	0	0	0	0	0	// Kalima Ticket
63	361	361	1	0	800	0	3610	0	0	0	0	0	0	0	0	0	3610	0	0	0	0	0	0	0	0	0	// Dark Horse
63	362	362	1	0	800	0	3620	0	0	0	0	0	0	0	0	0	3620	0	0	0	0	0	0	0	0	0	// Dark Raven
63	363	363	1	0	200	0	3630	0	0	0	0	0	0	0	0	0	3630	0	0	0	0	0	0	0	0	0	// Demon
63	364	364	1	0	200	0	3640	0	0	0	0	0	0	0	0	0	3640	0	0	0	0	0	0	0	0	0	// Spirit of Guardian
63	365	365	1	0	150	0	3650	0	0	0	0	0	0	0	0	0	3650	0	0	0	0	0	0	0	0	0	// Pet Rudolf
64	369	369	1	0	1000	0	3690	0	0	0	0	0	0	0	0	0	3690	0	0	0	0	0	0	0	0	0	// Panda Ring
64	372	372	1	0	1000	0	3720	0	0	0	0	0	0	0	0	0	3720	0	0	0	0	0	0	0	0	0	// Skeleton Transformation Ring
65	370	370	1	0	200	0	3700	0	0	0	0	0	0	0	0	0	3700	0	0	0	0	0	0	0	0	0	// Talisman of Item Protection
65	373	373	1	0	500	0	3730	0	0	0	0	0	0	0	0	0	3730	0	0	0	0	0	0	0	0	0	// Pumpkin of Luck
65	374	374	1	0	500	0	3740	0	0	0	0	0	0	0	0	0	3740	0	0	0	0	0	0	0	0	0	// Jack O'Lantern Blessings
65	375	375	1	0	500	0	3750	0	0	0	0	0	0	0	0	0	3750	0	0	0	0	0	0	0	0	0	// Jack O'Lantern Wrath
65	376	376	1	0	500	0	3760	0	0	0	0	0	0	0	0	0	3760	0	0	0	0	0	0	0	0	0	// Jack O'Lantern Cry
65	377	377	1	0	500	0	3770	0	0	0	0	0	0	0	0	0	3770	0	0	0	0	0	0	0	0	0	// Jack O'Lantern Food
65	378	378	1	0	500	0	3780	0	0	0	0	0	0	0	0	0	3780	0	0	0	0	0	0	0	0	0	// Jack O'Lantern Drink
end
