//|================================================================|
//| Zythe CashShop Editor                                          |
//| Credit: Zyth3/louis                          [skype:tec-facil] |
//|================================================================|
//ID	Number	Value	Item	Level	Skill	Luck	Option	ExOpt	AncOp	JOH	Oexe	Socket1	Socket2	Socket3	Socket4	Socket5	Qtd	Duration	Comment
1000	1000	80	4111	15	0	1	7	63	0	0	0	255	255	255	255	255	255	0	// Storm Crow Armor Excelent
1000	1001	90	4111	15	0	1	7	63	5	0	0	255	255	255	255	255	255	0	// Storm Crow Armor Gaion
1000	1002	90	4111	15	0	1	7	63	10	0	0	255	255	255	255	255	255	0	// Storm Crow Armor Muren
1010	1010	80	5135	15	0	1	7	63	0	0	0	255	255	255	255	255	255	0	// Storm Crow Gloves Excelent
1010	1011	90	5135	15	0	1	7	63	10	0	0	255	255	255	255	255	255	0	// Storm Crow Gloves Muren
1020	1020	80	4623	15	0	1	7	63	0	0	0	255	255	255	255	255	255	0	// Storm Crow Pants Excelent
1020	1021	90	4623	15	0	1	7	63	5	0	0	255	255	255	255	255	255	0	// Storm Crow Pants Gaion
1020	1022	90	4623	15	0	1	7	63	10	0	0	255	255	255	255	255	255	0	// Storm Crow Pants Muren
1030	1030	80	5647	15	0	1	7	63	0	0	0	255	255	255	255	255	255	0	// Storm Crow Boots Excelent
1030	1031	90	5647	15	0	1	7	63	5	0	0	255	255	255	255	255	255	0	// Storm Crow Boots Gaion
1040	1040	82	4116	15	0	1	7	63	0	0	0	255	255	255	255	255	255	0	// Thunder Hawk Armor Excelent
1050	1050	82	5140	15	0	1	7	63	0	0	0	255	255	255	255	255	255	0	// Thunder Hawk Gloves Excelent
1060	1060	82	4628	15	0	1	7	63	0	0	0	255	255	255	255	255	255	0	// Thunder Hawk Pants Excelent
1070	1070	82	5652	15	0	1	7	63	0	0	0	255	255	255	255	255	255	0	// Thunder Hawk Boots Excelent
1080	1080	84	4119	15	0	1	7	63	0	0	0	255	255	255	255	255	255	0	// Hurricane Armor Excelent
1090	1090	84	5143	15	0	1	7	63	0	0	0	255	255	255	255	255	255	0	// Hurricane Gloves Excelent
1100	1100	84	4631	15	0	1	7	63	0	0	0	255	255	255	255	255	255	0	// Hurricane Pants Excelent
1110	1110	84	5655	15	0	1	7	63	0	0	0	255	255	255	255	255	255	0	// Hurricane Boots Excelent
1120	1120	90	4128	15	0	1	7	63	0	0	0	255	255	255	255	255	255	0	// Volcano Armor Excelent
1130	1130	90	5152	15	0	1	7	63	0	0	0	255	255	255	255	255	255	0	// Volcano Gloves Excelent
1140	1140	90	4640	15	0	1	7	63	0	0	0	255	255	255	255	255	255	0	// Volcano Pants Excelent
1150	1150	90	5664	15	0	1	7	63	0	0	0	255	255	255	255	255	255	0	// Volcano Boots Excelent
1160	1160	86	4133	15	0	1	7	63	0	0	0	255	255	255	255	255	255	0	// Valiant Armor Excelent
1170	1170	86	5157	15	0	1	7	63	0	0	0	255	255	255	255	255	255	0	// Valiant Gloves Excelent
1180	1180	86	4645	15	0	1	7	63	0	0	0	255	255	255	255	255	255	0	// Valiant Pants Excelent
1190	1190	86	5669	15	0	1	7	63	0	0	0	255	255	255	255	255	255	0	// Valiant Boots Excelent
1200	1200	100	4143	15	0	1	7	63	0	0	0	255	255	255	255	255	255	0	// Phantom Armor Excelent
1210	1210	100	5167	15	0	1	7	63	0	0	0	255	255	255	255	255	255	0	// Phantom  Gloves Excelent
1220	1220	100	4655	15	0	1	7	63	0	0	0	255	255	255	255	255	255	0	// Phantom  Pants Excelent
1230	1230	100	5679	15	0	1	7	63	0	0	0	255	255	255	255	255	255	0	// Phantom Boots Excelent
1240	1240	100	4144	15	0	1	7	63	0	0	0	255	255	255	255	255	255	0	// Destroy Armor Excelent
1250	1250	100	5168	15	0	1	7	63	0	0	0	255	255	255	255	255	255	0	// Destroy Gloves Excelent
1260	1260	100	4656	15	0	1	7	63	0	0	0	255	255	255	255	255	255	0	// Destroy Pants Excelent
1270	1270	100	5680	15	0	1	7	63	0	0	0	255	255	255	255	255	255	0	// Destroy Boots Excelent
1280	1280	76	3609	15	0	1	7	63	0	0	0	255	255	255	255	255	255	0	// Light Plate Mask Excelent
1290	1290	76	4121	15	0	1	7	63	0	0	0	255	255	255	255	255	255	0	// Light Plate Armor Excelent
1300	1300	76	5145	15	0	1	7	63	0	0	0	255	255	255	255	255	255	0	// Light Plate Gloves Excelent
1310	1310	76	4633	15	0	1	7	63	0	0	0	255	255	255	255	255	255	0	// Light Plate Pants Excelent
1320	1320	76	5657	15	0	1	7	63	0	0	0	255	255	255	255	255	255	0	// Light Plate Boots Excelent
1330	1330	80	3610	15	0	1	7	63	0	0	0	255	255	255	255	255	255	0	// Adamantine Mask Excelent
1330	1331	90	3610	15	0	1	7	63	5	0	0	255	255	255	255	255	255	0	// Adamantine Mask Agnis
1340	1340	80	4122	15	0	1	7	63	0	0	0	255	255	255	255	255	255	0	// Adamantine Armor Excelent
1340	1341	90	4122	15	0	1	7	63	5	0	0	255	255	255	255	255	255	0	// Adamantine Armor Agnis
1350	1350	80	4634	15	0	1	7	63	0	0	0	255	255	255	255	255	255	0	// Adamantine Pants Excelent
1350	1351	90	4634	15	0	1	7	63	5	0	0	255	255	255	255	255	255	0	// Adamantine Pants Agnis
1350	1352	90	4634	15	0	1	7	63	10	0	0	255	255	255	255	255	255	0	// Adamantine Pants Broys
1360	1360	80	5146	15	0	1	7	63	0	0	0	255	255	255	255	255	255	0	// Adamantine Gloves Excelent
1360	1361	90	5146	15	0	1	7	63	10	0	0	255	255	255	255	255	255	0	// Adamantine Gloves Broys
1370	1370	80	5658	15	0	1	7	63	0	0	0	255	255	255	255	255	255	0	// Adamantine Boots Excelent
1370	1371	90	5658	15	0	1	7	63	10	0	0	255	255	255	255	255	255	0	// Adamantine Boots Broys
1380	1380	82	3611	15	0	1	7	63	0	0	0	255	255	255	255	255	255	0	// Dark Steel Mask Excelent
1390	1390	82	4123	15	0	1	7	63	0	0	0	255	255	255	255	255	255	0	// Dark Steel Armor Excelent
1400	1400	82	5147	15	0	1	7	63	0	0	0	255	255	255	255	255	255	0	// Dark Steel Gloves Excelent
1410	1410	82	4635	15	0	1	7	63	0	0	0	255	255	255	255	255	255	0	// Dark Steel Pants Excelent
1420	1420	82	5659	15	0	1	7	63	0	0	0	255	255	255	255	255	255	0	// Dark Steel Boots Excelent
1430	1430	84	3612	15	0	1	7	63	0	0	0	255	255	255	255	255	255	0	// Dark Master Mask Excelent
1440	1440	84	4124	15	0	1	7	63	0	0	0	255	255	255	255	255	255	0	// Dark Master Armor Excelent
1450	1450	84	5148	15	0	1	7	63	0	0	0	255	255	255	255	255	255	0	// Dark Master Gloves Excelent
1460	1460	84	4636	15	0	1	7	63	0	0	0	255	255	255	255	255	255	0	// Dark Master Pants Excelent
1470	1470	84	5660	15	0	1	7	63	0	0	0	255	255	255	255	255	255	0	// Dark Master Boots Excelent
1480	1480	90	3617	15	0	1	7	63	0	0	0	255	255	255	255	255	255	0	// Sunlight Mask Excelent
1490	1490	90	4129	15	0	1	7	63	0	0	0	255	255	255	255	255	255	0	// Sunlight Armor Excelent
1500	1500	90	5153	15	0	1	7	63	0	0	0	255	255	255	255	255	255	0	// Sunlight Gloves Excelent
1510	1510	90	4641	15	0	1	7	63	0	0	0	255	255	255	255	255	255	0	// Sunlight Pants Excelent
1520	1520	90	5665	15	0	1	7	63	0	0	0	255	255	255	255	255	255	0	// Sunlight Boots Excelent
1530	1530	86	3622	15	0	1	7	63	0	0	0	255	255	255	255	255	255	0	// Glorious Mask Excelent
1540	1540	86	4134	15	0	1	7	63	0	0	0	255	255	255	255	255	255	0	// Glorious Armor Excelent
1550	1550	86	5158	15	0	1	7	63	0	0	0	255	255	255	255	255	255	0	// Glorious Gloves Excelent
1560	1560	86	4646	15	0	1	7	63	0	0	0	255	255	255	255	255	255	0	// Glorious Pants Excelent
1570	1570	86	5670	15	0	1	7	63	0	0	0	255	255	255	255	255	255	0	// Glorious Boots Excelent
1580	1580	100	3635	15	0	1	7	63	0	0	0	255	255	255	255	255	255	0	// Royal Mask Excelent
1590	1590	100	4147	15	0	1	7	63	0	0	0	255	255	255	255	255	255	0	// Royal Armor Excelent
1600	1600	100	5171	15	0	1	7	63	0	0	0	255	255	255	255	255	255	0	// Royal Gloves Excelent
1610	1610	100	4659	15	0	1	7	63	0	0	0	255	255	255	255	255	255	0	// Royal Pants Excelent
1620	1620	100	5683	15	0	1	7	63	0	0	0	255	255	255	255	255	255	0	// Royal Boots Excelent
1630	1630	78	3623	15	0	1	7	63	0	0	0	255	255	255	255	255	255	0	// Violent Wind Helm (1 UN)
1640	1640	78	4135	15	0	1	7	63	0	0	0	255	255	255	255	255	255	0	// Violent Wind Armor Excelent
1650	1650	78	5159	15	0	1	7	63	0	0	0	255	255	255	255	255	255	0	// Violent Wind Gloves Excelent
1660	1660	78	4647	15	0	1	7	63	0	0	0	255	255	255	255	255	255	0	// Violent Wind Pants Excelent
1670	1670	78	5671	15	0	1	7	63	0	0	0	255	255	255	255	255	255	0	// Violent Wind Boots Excelent
1680	1680	80	3624	15	0	1	7	63	0	0	0	255	255	255	255	255	255	0	// Red Wing Helm Excelent
1680	1681	90	3624	15	0	1	7	63	5	0	0	255	255	255	255	255	255	0	// Red Wing Helm Chrono
1680	1682	90	3624	15	0	1	7	63	10	0	0	255	255	255	255	255	255	0	// Red Wing Helm Sedemen
1690	1690	80	4136	15	0	1	7	63	0	0	0	255	255	255	255	255	255	0	// Red Wing Armor Excelent
1690	1691	90	4136	15	0	1	7	63	10	0	0	255	255	255	255	255	255	0	// Red Wing Armor Sedemen
1700	1700	80	5160	15	0	1	7	63	0	0	0	255	255	255	255	255	255	0	// Red Wing Gloves Excelent
1700	1701	90	5160	15	0	1	7	63	5	0	0	255	255	255	255	255	255	0	// Red Wing Gloves Chrono
1700	1702	90	5160	15	0	1	7	63	10	0	0	255	255	255	255	255	255	0	// Red Wing Gloves Sedemen
1710	1710	80	4648	15	0	1	7	63	0	0	0	255	255	255	255	255	255	0	// Red Wing Pants Excelent
1710	1711	90	4648	15	0	1	7	63	5	0	0	255	255	255	255	255	255	0	// Red Wing Pants Chrono
1720	1720	80	5672	15	0	1	7	63	0	0	0	255	255	255	255	255	255	0	// Red Wing Boots Excelent
1720	1721	90	5672	15	0	1	7	63	10	0	0	255	255	255	255	255	255	0	// Red Wing Boots Sedemen
1730	1730	84	3625	15	0	1	7	63	0	0	0	255	255	255	255	255	255	0	// Ancient Helm Excelent
1740	1740	84	4137	15	0	1	7	63	0	0	0	255	255	255	255	255	255	0	// Ancient Armor Excelent
1750	1750	84	5161	15	0	1	7	63	0	0	0	255	255	255	255	255	255	0	// Ancient Gloves Excelent
1760	1760	84	4649	15	0	1	7	63	0	0	0	255	255	255	255	255	255	0	// Ancient Pants Excelent
1770	1770	84	5673	15	0	1	7	63	0	0	0	255	255	255	255	255	255	0	// Ancient Boots Excelent
1780	1780	86	3626	15	0	1	7	63	0	0	0	255	255	255	255	255	255	0	// Demonic Helm Excelent
1790	1790	86	4138	15	0	1	7	63	0	0	0	255	255	255	255	255	255	0	// Demonic Armor Excelent
1800	1800	86	5162	15	0	1	7	63	0	0	0	255	255	255	255	255	255	0	// Demonic Gloves Excelent
1810	1810	86	4650	15	0	1	7	63	0	0	0	255	255	255	255	255	255	0	// Demonic Pants Excelent
1820	1820	86	5674	15	0	1	7	63	0	0	0	255	255	255	255	255	255	0	// Demonic Boots Excelent
1830	1830	90	3627	15	0	1	7	63	0	0	0	255	255	255	255	255	255	0	// Storm Blitz Helm Excelent
1840	1840	90	4139	15	0	1	7	63	0	0	0	255	255	255	255	255	255	0	// Storm Blitz Armor Excelent
1850	1850	90	5163	15	0	1	7	63	0	0	0	255	255	255	255	255	255	0	// Storm Blitz Gloves Excelent
1860	1860	90	4651	15	0	1	7	63	0	0	0	255	255	255	255	255	255	0	// Storm Blitz Pants Excelent
1870	1870	90	5675	15	0	1	7	63	0	0	0	255	255	255	255	255	255	0	// Storm Blitz Boots Excelent
1880	1880	100	3628	15	0	1	7	63	0	0	0	255	255	255	255	255	255	0	// Eternal Wing Helm Excelent
1890	1890	100	4140	15	0	1	7	63	0	0	0	255	255	255	255	255	255	0	// Eternal Wing Armor Excelent
1900	1900	100	5164	15	0	1	7	63	0	0	0	255	255	255	255	255	255	0	// Eternal Wing Gloves Excelent
1910	1910	100	4652	15	0	1	7	63	0	0	0	255	255	255	255	255	255	0	// Eternal Wing Pants Excelent
1920	1920	100	5676	15	0	1	7	63	0	0	0	255	255	255	255	255	255	0	// Eternal Wing Boots Excelent
1930	1930	80	3643	15	0	1	7	63	0	0	0	255	255	255	255	255	255	0	// Sacred Helm Excelent
1930	1931	90	3643	15	0	1	7	63	5	0	0	255	255	255	255	255	255	0	// Sacred Helm Vega
1940	1940	80	4155	15	0	1	7	63	0	0	0	255	255	255	255	255	255	0	// Sacred Armor Excelent
1940	1941	90	4155	15	0	1	7	63	5	0	0	255	255	255	255	255	255	0	// Sacred Armor Vega
1940	1942	90	4155	15	0	1	7	63	10	0	0	255	255	255	255	255	255	0	// Sacred Armor Chamer
1950	1950	80	4667	15	0	1	7	63	0	0	0	255	255	255	255	255	255	0	// Sacred Pants Excelent
1950	1951	90	4667	15	0	1	7	63	5	0	0	255	255	255	255	255	255	0	// Sacred Pants Vega
1950	1952	90	4667	15	0	1	7	63	10	0	0	255	255	255	255	255	255	0	// Sacred Pants Chamer
1960	1960	80	5691	15	0	1	7	63	0	0	0	255	255	255	255	255	255	0	// Sacred Boots Excelent
1960	1961	90	5691	15	0	1	7	63	10	0	0	255	255	255	255	255	255	0	// Sacred Boots Chamer
1970	1970	84	3644	15	0	1	7	63	0	0	0	255	255	255	255	255	255	0	// Storm Hard Helm Excelent
1980	1980	84	4156	15	0	1	7	63	0	0	0	255	255	255	255	255	255	0	// Storm Hard Armor Excelent
1990	1990	84	4668	15	0	1	7	63	0	0	0	255	255	255	255	255	255	0	// Storm Hard Pants Excelent
2000	2000	84	5692	15	0	1	7	63	0	0	0	255	255	255	255	255	255	0	// Storm Hard Boots Excelent
2010	2010	86	3645	15	0	1	7	63	0	0	0	255	255	255	255	255	255	0	// Piercing Helm Excelent
2020	2020	86	4157	15	0	1	7	63	0	0	0	255	255	255	255	255	255	0	// Piercing Armor Excelent
2030	2030	86	4669	15	0	1	7	63	0	0	0	255	255	255	255	255	255	0	// Piercing Pants Excelent
2040	2040	86	5693	15	0	1	7	63	0	0	0	255	255	255	255	255	255	0	// Piercing Boots Excelent
2050	2050	90	3657	15	0	1	7	63	0	0	0	255	255	255	255	255	255	0	// Phoenix Soul Helm Excelent
2060	2060	90	4169	15	0	1	7	63	0	0	0	255	255	255	255	255	255	0	// Phoenix Soul Armor Excelent
2070	2070	90	4681	15	0	1	7	63	0	0	0	255	255	255	255	255	255	0	// Phoenix Soul Pants Excelent
2080	2080	90	5705	15	0	1	7	63	0	0	0	255	255	255	255	255	255	0	// Phoenix Soul Boots Excelent
2090	2090	100	3646	15	0	1	7	63	5	0	0	255	255	255	255	255	255	0	// Lucky Scale Helm Excelent
2100	2100	100	4158	15	0	1	7	63	5	0	0	255	255	255	255	255	255	0	// Lucky Scale Armor Excelent
2110	2110	100	5182	15	0	1	7	63	5	0	0	255	255	255	255	255	255	0	// Lucky Scale Gloves Excelent
2120	2120	100	4670	15	0	1	7	63	5	0	0	255	255	255	255	255	255	0	// Lucky Scale Pants Excelent
2130	2130	100	5694	15	0	1	7	63	5	0	0	255	255	255	255	255	255	0	// Lucky Scale Boots Excelent
2140	2140	100	3647	15	0	1	7	63	5	0	0	255	255	255	255	255	255	0	// Lucky Silk Helm Excelent
2150	2150	100	4159	15	0	1	7	63	5	0	0	255	255	255	255	255	255	0	// Lucky Silk Armor Excelent
2160	2160	100	5183	15	0	1	7	63	5	0	0	255	255	255	255	255	255	0	// Lucky Silk Gloves Excelent
2170	2170	100	4671	15	0	1	7	63	5	0	0	255	255	255	255	255	255	0	// Lucky Silk Pants Excelent
2180	2180	100	5695	15	0	1	7	63	5	0	0	255	255	255	255	255	255	0	// Lucky Silk Boots Excelent
2190	2190	100	3648	15	0	1	7	63	5	0	0	255	255	255	255	255	255	0	// Lucky Sphinx Helm Excelent
2200	2200	100	4160	15	0	1	7	63	5	0	0	255	255	255	255	255	255	0	// Lucky Sphinx Armor Excelent
2210	2210	100	5184	15	0	1	7	63	5	0	0	255	255	255	255	255	255	0	// Lucky Sphinx Gloves Excelent
2220	2220	100	4672	15	0	1	7	63	5	0	0	255	255	255	255	255	255	0	// Lucky Sphinx Pants Excelent
2230	2230	100	5696	15	0	1	7	63	5	0	0	255	255	255	255	255	255	0	// Lucky Sphinx Boots Excelent
2240	2240	100	3649	15	0	1	7	63	5	0	0	255	255	255	255	255	255	0	// Lucky Violent Wind Helm Excelent
2250	2250	100	4161	15	0	1	7	63	5	0	0	255	255	255	255	255	255	0	// Lucky Violent Wind Armor Excelent
2260	2260	100	5185	15	0	1	7	63	5	0	0	255	255	255	255	255	255	0	// Lucky Violent Wind Gloves Excelent
2270	2270	100	4673	15	0	1	7	63	5	0	0	255	255	255	255	255	255	0	// Lucky Violent Wind Pants Excelent
2280	2280	100	5697	15	0	1	7	63	5	0	0	255	255	255	255	255	255	0	// Lucky Violent Wind Boots Excelent
2290	2290	100	3650	15	0	1	7	63	5	0	0	255	255	255	255	255	255	0	// Lucky Dark Soul Helm Excelent
2300	2300	100	4162	15	0	1	7	63	5	0	0	255	255	255	255	255	255	0	// Lucky Dark Soul Armor Excelent
2310	2310	100	5186	15	0	1	7	63	5	0	0	255	255	255	255	255	255	0	// Lucky Dark Soul Gloves Excelent
2320	2320	100	4674	15	0	1	7	63	5	0	0	255	255	255	255	255	255	0	// Lucky Dark Soul Pants Excelent
2330	2330	100	5698	15	0	1	7	63	5	0	0	255	255	255	255	255	255	0	// Lucky Dark Soul Boots Excelent
2340	2340	100	3651	15	0	1	7	63	5	0	0	255	255	255	255	255	255	0	// Lucky Dragon Helm Excelent
2350	2350	100	4163	15	0	1	7	63	5	0	0	255	255	255	255	255	255	0	// Lucky Dragon Armor Excelent
2360	2360	100	5187	15	0	1	7	63	5	0	0	255	255	255	255	255	255	0	// Lucky Dragon Gloves Excelent
2370	2370	100	4675	15	0	1	7	63	5	0	0	255	255	255	255	255	255	0	// Lucky Dragon Pants Excelent
2380	2380	100	5699	15	0	1	7	63	5	0	0	255	255	255	255	255	255	0	// Lucky Dragon Boots Excelent
2390	2390	100	3652	15	0	1	7	63	5	0	0	255	255	255	255	255	255	0	// Lucky Guardian Helm Excelent
2400	2400	100	4164	15	0	1	7	63	5	0	0	255	255	255	255	255	255	0	// Lucky Guardian Armor Excelent
2410	2410	100	5188	15	0	1	7	63	5	0	0	255	255	255	255	255	255	0	// Lucky Guardian Gloves Excelent
2420	2420	100	4676	15	0	1	7	63	5	0	0	255	255	255	255	255	255	0	// Lucky Guardian Pants Excelent
2430	2430	100	5700	15	0	1	7	63	5	0	0	255	255	255	255	255	255	0	// Lucky Guardian Boots Excelent
2440	2440	100	3653	15	0	1	7	63	5	0	0	255	255	255	255	255	255	0	// Lucky Legendary Helm Excelent
2450	2450	100	4165	15	0	1	7	63	5	0	0	255	255	255	255	255	255	0	// Lucky Legendary Armor Excelent
2460	2460	100	5189	15	0	1	7	63	5	0	0	255	255	255	255	255	255	0	// Lucky Legendary Gloves Excelent
2470	2470	100	4677	15	0	1	7	63	5	0	0	255	255	255	255	255	255	0	// Lucky Legendary Pants Excelent
2480	2480	100	5701	15	0	1	7	63	5	0	0	255	255	255	255	255	255	0	// Lucky Legendary Boots Excelent
2490	2490	100	3654	15	0	1	7	63	5	0	0	255	255	255	255	255	255	0	// Lucky Red Wing Helm Excelent
2500	2500	100	4166	15	0	1	7	63	5	0	0	255	255	255	255	255	255	0	// Lucky Red Wing Armor Excelent
2510	2510	100	5190	15	0	1	7	63	5	0	0	255	255	255	255	255	255	0	// Lucky Red Wing Gloves Excelent
2520	2520	100	4678	15	0	1	7	63	5	0	0	255	255	255	255	255	255	0	// Lucky Red Wing Pants Excelent
2530	2530	100	5702	15	0	1	7	63	5	0	0	255	255	255	255	255	255	0	// Lucky Red Wing Boots Excelent
2540	2540	100	4167	15	0	1	7	63	5	0	0	255	255	255	255	255	255	0	// Lucky Atlans Armor Excelent
2550	2550	100	5191	15	0	1	7	63	5	0	0	255	255	255	255	255	255	0	// Lucky Atlans Gloves Excelent
2560	2560	100	4679	15	0	1	7	63	5	0	0	255	255	255	255	255	255	0	// Lucky Atlans Pants Excelent
2570	2570	100	5703	15	0	1	7	63	5	0	0	255	255	255	255	255	255	0	// Lucky Atlans Boots Excelent
2580	2580	100	3656	15	0	1	7	63	5	0	0	255	255	255	255	255	255	0	// Lucky Storm Hard Helm Excelent
2590	2590	100	4168	15	0	1	7	63	5	0	0	255	255	255	255	255	255	0	// Lucky Storm Hard Armor Excelent
2600	2600	100	4680	15	0	1	7	63	5	0	0	255	255	255	255	255	255	0	// Lucky Storm Hard Pants Excelent
2610	2610	100	5704	15	0	1	7	63	5	0	0	255	255	255	255	255	255	0	// Lucky Storm Hard Boots Excelent
2620	2620	50	7329	0	0	1	7	0	0	0	0	255	255	255	255	255	255	0	// Jewel of Elevation (1 UN)
2630	2630	50	7328	0	0	1	0	0	0	0	0	255	255	255	255	255	255	0	// Jewel of Extension (1 UN)
2640	2640	50	6664	15	0	0	7	63	0	0	0	255	255	255	255	255	255	0	// Ring of Ice Excelent
2640	2641	60	6664	15	0	0	7	63	5	0	0	255	255	255	255	255	255	0	// Ring of Ice Warrior
2650	2650	50	6665	15	0	0	7	63	0	0	0	255	255	255	255	255	255	0	// Ring of Poison  Excelent
2650	2651	60	6665	15	0	0	7	63	5	0	0	255	255	255	255	255	255	0	// Ring of Poison Kantata
2650	2652	60	6665	15	0	0	7	63	10	0	0	255	255	255	255	255	255	0	// Ring of Poison Agnis
2660	2660	60	6668	15	0	0	7	63	0	0	0	255	255	255	255	255	255	0	// Pendant of Lighting  Excelent
2660	2661	70	6668	15	0	0	7	63	5	0	0	255	255	255	255	255	255	0	// Pendant of Lighting Eplete
2670	2670	60	6669	15	0	0	7	63	0	0	0	255	255	255	255	255	255	0	// Pendant of Fire Excelent
2670	2671	70	6669	15	0	0	7	63	5	0	0	255	255	255	255	255	255	0	// Pendant of Fire Garuda
2680	2680	50	6677	15	0	0	7	63	0	0	0	255	255	255	255	255	255	0	// Ring of Fire Excelent
2680	2681	60	6677	15	0	0	7	63	5	0	0	255	255	255	255	255	255	0	// Ring of Fire Anubis
2680	2682	60	6677	15	0	0	7	63	10	0	0	255	255	255	255	255	255	0	// Ring of Fire Muren
2690	2690	50	6678	15	0	0	7	63	0	0	0	255	255	255	255	255	255	0	// Ring of Earth Excelent
2690	2691	60	6678	15	0	0	7	63	5	0	0	255	255	255	255	255	255	0	// Ring of Earth Ceto
2690	2692	60	6678	15	0	0	7	63	10	0	0	255	255	255	255	255	255	0	// Ring of Earth Vicious
2700	2700	50	6679	15	0	0	7	63	0	0	0	255	255	255	255	255	255	0	// Ring of Wind Excelent
2700	2701	60	6679	15	0	0	7	63	5	0	0	255	255	255	255	255	255	0	// Ring of Wind Kantata
2710	2710	50	6680	15	0	0	7	63	0	0	0	255	255	255	255	255	255	0	// Ring of Magic Excelent
2710	2711	60	6680	15	0	0	7	63	5	0	0	255	255	255	255	255	255	0	// Ring of Magic Apollo
2710	2712	60	6680	15	0	0	7	63	10	0	0	255	255	255	255	255	255	0	// Ring of Magic Chrono
2720	2720	60	6681	15	0	0	7	63	0	0	0	255	255	255	255	255	255	0	// Pendant of Ice Excelent
2720	2721	70	6681	15	0	0	7	63	5	0	0	255	255	255	255	255	255	0	// Pendant of Ice Apollo
2720	2722	70	6681	15	0	0	7	63	10	0	0	255	255	255	255	255	255	0	// Pendant of Ice Broys
2730	2730	60	6682	15	0	0	7	63	0	0	0	255	255	255	255	255	255	0	// Pendant of Wind Excelent
2730	2731	70	6682	15	0	0	7	63	5	0	0	255	255	255	255	255	255	0	// Pendant of Wind Evis
2740	2740	60	6683	15	0	0	7	63	0	0	0	255	255	255	255	255	255	0	// Pendant of Water Excelent
2740	2741	70	6683	15	0	0	7	63	5	0	0	255	255	255	255	255	255	0	// Pendant of Water Gaion
2750	2750	60	6684	15	0	0	7	63	0	0	0	255	255	255	255	255	255	0	// Pendant of Ability Excelent
2750	2751	70	6684	15	0	0	7	63	5	0	0	255	255	255	255	255	255	0	// Pendant of Ability Gywen
2760	2760	70	3584	15	0	1	7	63	0	0	0	255	255	255	255	255	255	0	// Bronze Helm Excelent
2760	2761	80	3584	15	0	1	7	63	10	0	0	255	255	255	255	255	255	0	// Bronze Helm Mist
2770	2770	70	4096	15	0	1	7	63	0	0	0	255	255	255	255	255	255	0	// Bronze Armor Excelent
2770	2771	80	4096	15	0	1	7	63	5	0	0	255	255	255	255	255	255	0	// Bronze Armor Hyperion
2780	2780	70	5120	15	0	1	7	63	0	0	0	255	255	255	255	255	255	0	// Bronze Gloves Excelent
2780	2781	80	5120	15	0	1	7	63	10	0	0	255	255	255	255	255	255	0	// Bronze Gloves Mist
2790	2790	70	4608	15	0	1	7	63	0	0	0	255	255	255	255	255	255	0	// Bronze Pants Excelent
2790	2791	80	4608	15	0	1	7	63	5	0	0	255	255	255	255	255	255	0	// Bronze Pants Hyperion
2790	2792	80	4608	15	0	1	7	63	10	0	0	255	255	255	255	255	255	0	// Bronze Pants Mist
2800	2800	70	5632	15	0	1	7	63	0	0	0	255	255	255	255	255	255	0	// Bronze Boots Excelent
2800	2801	80	5632	15	0	1	7	63	5	0	0	255	255	255	255	255	255	0	// Bronze Boots Hyperion
2810	2810	80	3585	15	0	1	7	63	0	0	0	255	255	255	255	255	255	0	// Dragon Helm Excelent
2810	2811	90	3585	15	0	1	7	63	5	0	0	255	255	255	255	255	255	0	// Dragon Helm Hyon
2810	2812	90	3585	15	0	1	7	63	10	0	0	255	255	255	255	255	255	0	// Dragon Helm Vicious
2820	2820	80	4097	15	0	1	7	63	0	0	0	255	255	255	255	255	255	0	// Dragon Armor Excelent
2820	2821	90	4097	15	0	1	7	63	10	0	0	255	255	255	255	255	255	0	// Dragon Armor Vicious
2830	2830	80	5121	15	0	1	7	63	0	0	0	255	255	255	255	255	255	0	// Dragon Gloves Excelent
2830	2831	90	5121	15	0	1	7	63	5	0	0	255	255	255	255	255	255	0	// Dragon Gloves Hyon
2840	2840	80	4609	15	0	1	7	63	0	0	0	255	255	255	255	255	255	0	// Dragon Pants Excelent
2840	2841	90	4609	15	0	1	7	63	10	0	0	255	255	255	255	255	255	0	// Dragon Pants Vicious
2850	2850	80	5633	15	0	1	7	63	0	0	0	255	255	255	255	255	255	0	// Dragon Boots Excelent
2850	2851	90	5633	15	0	1	7	63	5	0	0	255	255	255	255	255	255	0	// Dragon Boots Hyon
2860	2860	72	3589	15	0	1	7	63	0	0	0	255	255	255	255	255	255	0	// Leather Helm Excelent
2860	2861	82	3589	15	0	1	7	63	5	0	0	255	255	255	255	255	255	0	// Leather Helm Warrior
2860	2862	82	3589	15	0	1	7	63	10	0	0	255	255	255	255	255	255	0	// Leather Helm Anonymous
2870	2870	72	4101	15	0	1	7	63	0	0	0	255	255	255	255	255	255	0	// Leather Armor Excelent
2870	2871	82	4101	15	0	1	7	63	5	0	0	255	255	255	255	255	255	0	// Leather Armor Warrior
2880	2880	72	5125	15	0	1	7	63	0	0	0	255	255	255	255	255	255	0	// Leather Gloves Excelent
2880	2881	82	5125	15	0	1	7	63	5	0	0	255	255	255	255	255	255	0	// Leather Gloves Warrior
2890	2890	72	4613	15	0	1	7	63	0	0	0	255	255	255	255	255	255	0	// Leather Pants Excelent
2890	2891	82	4613	15	0	1	7	63	5	0	0	255	255	255	255	255	255	0	// Leather Pants Warrior
2890	2892	82	4613	15	0	1	7	63	10	0	0	255	255	255	255	255	255	0	// Leather Pants Anonymous
2900	2900	72	5637	15	0	1	7	63	0	0	0	255	255	255	255	255	255	0	// Leather Boots Excelent
2900	2901	82	5637	15	0	1	7	63	5	0	0	255	255	255	255	255	255	0	// Leather Boots Warrior
2900	2902	82	5637	15	0	1	7	63	10	0	0	255	255	255	255	255	255	0	// Leather Boots Anonymous
2910	2910	74	3590	15	0	1	7	63	0	0	0	255	255	255	255	255	255	0	// Scale Helm Excelent
2910	2911	84	3590	15	0	1	7	63	5	0	0	255	255	255	255	255	255	0	// Scale Helm Eplete
2910	2912	84	3590	15	0	1	7	63	10	0	0	255	255	255	255	255	255	0	// Scale Helm Berserker
2920	2920	74	4102	15	0	1	7	63	0	0	0	255	255	255	255	255	255	0	// Scale Armor Excelent
2920	2921	84	4102	15	0	1	7	63	5	0	0	255	255	255	255	255	255	0	// Scale Armor Eplete
2920	2922	84	4102	15	0	1	7	63	10	0	0	255	255	255	255	255	255	0	// Scale Armor Berserker
2930	2930	74	4614	15	0	1	7	63	0	0	0	255	255	255	255	255	255	0	// Scale Pants Excelent
2930	2931	84	4614	15	0	1	7	63	5	0	0	255	255	255	255	255	255	0	// Scale Pants Eplete
2930	2932	84	4614	15	0	1	7	63	10	0	0	255	255	255	255	255	255	0	// Scale Pants Berserker
2940	2940	74	5126	15	0	1	7	63	0	0	0	255	255	255	255	255	255	0	// Scale Gloves Excelent
2940	2941	84	5126	15	0	1	7	63	10	0	0	255	255	255	255	255	255	0	// Scale Gloves Berserker
2950	2950	74	5638	15	0	1	7	63	0	0	0	255	255	255	255	255	255	0	// Scale Boots Excelent
2950	2951	84	5638	15	0	1	7	63	10	0	0	255	255	255	255	255	255	0	// Scale Boots Berserker
2960	2960	76	3592	15	0	1	7	63	0	0	0	255	255	255	255	255	255	0	// Brass Helm Excelent
2960	2961	86	3592	15	0	1	7	63	10	0	0	255	255	255	255	255	255	0	// Brass Helm Cloud
2970	2970	76	4104	15	0	1	7	63	0	0	0	255	255	255	255	255	255	0	// Brass Armor Excelent
2970	2971	86	4104	15	0	1	7	63	5	0	0	255	255	255	255	255	255	0	// Brass Armor Garuda
2980	2980	76	5128	15	0	1	7	63	0	0	0	255	255	255	255	255	255	0	// Brass Gloves Excelent
2980	2981	86	5128	15	0	1	7	63	5	0	0	255	255	255	255	255	255	0	// Brass Gloves Garuda
2990	2990	76	4616	15	0	1	7	63	0	0	0	255	255	255	255	255	255	0	// Brass Pants Excelent
2990	2991	86	4616	15	0	1	7	63	5	0	0	255	255	255	255	255	255	0	// Brass Pants Garuda
2990	2992	86	4616	15	0	1	7	63	10	0	0	255	255	255	255	255	255	0	// Brass Pants Cloud
3000	3000	76	5640	15	0	1	7	63	0	0	0	255	255	255	255	255	255	0	// Brass Boots Excelent
3000	3001	86	5640	15	0	1	7	63	5	0	0	255	255	255	255	255	255	0	// Brass Boots Garuda
3010	3010	78	3593	15	0	1	7	63	0	0	0	255	255	255	255	255	255	0	// Plate Helm Excelent
3010	3011	88	3593	15	0	1	7	63	10	0	0	255	255	255	255	255	255	0	// Plate Helm Rave
3020	3020	78	4105	15	0	1	7	63	0	0	0	255	255	255	255	255	255	0	// Plate Armor Excelent
3020	3021	88	4105	15	0	1	7	63	5	0	0	255	255	255	255	255	255	0	// Plate Armor Kantata
3020	3022	88	4105	15	0	1	7	63	10	0	0	255	255	255	255	255	255	0	// Plate Armor Rave
3030	3030	78	5129	15	0	1	7	63	0	0	0	255	255	255	255	255	255	0	// Plate Gloves Excelent
3030	3031	88	5129	15	0	1	7	63	5	0	0	255	255	255	255	255	255	0	// Plate Gloves Kantata
3040	3040	78	4617	15	0	1	7	63	0	0	0	255	255	255	255	255	255	0	// Plate Pants Excelent
3040	3041	88	4617	15	0	1	7	63	10	0	0	255	255	255	255	255	255	0	// Plate Pants Rave
3050	3050	78	5641	15	0	1	7	63	0	0	0	255	255	255	255	255	255	0	// Plate Boots Excelent
3050	3051	88	5641	15	0	1	7	63	5	0	0	255	255	255	255	255	255	0	// Plate Boots Kantata
3060	3060	82	3600	15	0	1	7	63	0	0	0	255	255	255	255	255	255	0	// Black Dragon Helm Excelent
3070	3070	82	4112	15	0	1	7	63	0	0	0	255	255	255	255	255	255	0	// Black Dragon Armor Excelent
3080	3080	82	5136	15	0	1	7	63	0	0	0	255	255	255	255	255	255	0	// Black Dragon Gloves Excelent
3090	3090	82	4624	15	0	1	7	63	0	0	0	255	255	255	255	255	255	0	// Black Dragon Pants Excelent
3100	3100	82	5648	15	0	1	7	63	0	0	0	255	255	255	255	255	255	0	// Black Dragon Boots Excelent
3110	3110	84	3601	15	0	1	7	63	0	0	0	255	255	255	255	255	255	0	// Dark Phoenix Helm Excelent
3120	3120	84	4113	15	0	1	7	63	0	0	0	255	255	255	255	255	255	0	// Dark Phoenix Armor Excelent
3130	3130	84	5137	15	0	1	7	63	0	0	0	255	255	255	255	255	255	0	// Dark Phoenix Gloves Excelent
3140	3140	84	4625	15	0	1	7	63	0	0	0	255	255	255	255	255	255	0	// Dark Phoenix Pants Excelent
3150	3150	84	5649	15	0	1	7	63	0	0	0	255	255	255	255	255	255	0	// Dark Phoenix Boots Excelent
3160	3160	86	3605	15	0	1	7	63	0	0	0	255	255	255	255	255	255	0	// Great Dragon Helm Excelent
3170	3170	86	4117	15	0	1	7	63	0	0	0	255	255	255	255	255	255	0	// Great Dragon Armor Excelent
3180	3180	86	5141	15	0	1	7	63	0	0	0	255	255	255	255	255	255	0	// Great Dragon Gloves Excelent
3190	3190	86	4629	15	0	1	7	63	0	0	0	255	255	255	255	255	255	0	// Great Dragon Pants Excelent
3200	3200	86	5653	15	0	1	7	63	0	0	0	255	255	255	255	255	255	0	// Great Dragon Boots Excelent
3210	3210	90	3613	15	0	1	7	63	0	0	0	255	255	255	255	255	255	0	// Dragon Knight Helm Excelent
3220	3220	90	4125	15	0	1	7	63	0	0	0	255	255	255	255	255	255	0	// Dragon Knight Armor Excelent
3230	3230	90	5149	15	0	1	7	63	0	0	0	255	255	255	255	255	255	0	// Dragon Knight Gloves Excelent
3240	3240	90	4637	15	0	1	7	63	0	0	0	255	255	255	255	255	255	0	// Dragon Knight Pants Excelent
3250	3250	90	5661	15	0	1	7	63	0	0	0	255	255	255	255	255	255	0	// Dragon Knight Boots Excelent
3260	3260	86	3618	15	0	1	7	63	0	0	0	255	255	255	255	255	255	0	// Ashcrow Helm Excelent
3270	3270	86	4130	15	0	1	7	63	0	0	0	255	255	255	255	255	255	0	// Ashcrow Armor Excelent
3280	3280	86	5154	15	0	1	7	63	0	0	0	255	255	255	255	255	255	0	// Ashcrow Gloves Excelent
3290	3290	86	4642	15	0	1	7	63	0	0	0	255	255	255	255	255	255	0	// Ashcrow Pants Excelent
3300	3300	86	5666	15	0	1	7	63	0	0	0	255	255	255	255	255	255	0	// Ashcrow Boots Excelent
3310	3310	100	3629	15	0	1	7	63	0	0	0	254	254	254	254	254	255	0	// Titan Helm Excelent
3320	3320	100	4141	15	0	1	7	63	0	0	0	254	254	254	254	254	255	0	// Titan Armor Excelent
3330	3330	100	5165	15	0	1	7	63	0	0	0	254	254	254	254	254	255	0	// Titan  Gloves Excelent
3340	3340	100	4653	15	0	1	7	63	0	0	0	254	254	254	254	254	255	0	// Titan  Pants Excelent
3350	3350	100	5677	15	0	1	7	63	0	0	0	254	254	254	254	254	255	0	// Titan Boots Excelent
3360	3360	100	3630	15	0	1	7	63	0	0	0	254	254	254	254	254	255	0	// Brave Helm Excelent
3370	3370	100	4142	15	0	1	7	63	0	0	0	254	254	254	254	254	255	0	// Brave Armor Excelent
3380	3380	100	5166	15	0	1	7	63	0	0	0	254	254	254	254	254	255	0	// Brave Gloves Excelent
3390	3390	100	4654	15	0	1	7	63	0	0	0	254	254	254	254	254	255	0	// Brave Pants Excelent
3400	3400	100	5678	15	0	1	7	63	0	0	0	254	254	254	254	254	255	0	// Brave Boots Excelent
3410	3410	90	6147	15	0	1	7	31	0	0	0	255	255	255	255	255	255	0	// Wings of Spirits Full
3420	3420	90	6148	15	0	1	7	31	0	0	0	255	255	255	255	255	255	0	// Wings of Soul Full
3430	3430	90	6149	15	0	1	7	31	0	0	0	255	255	255	255	255	255	0	// Wings of Dragon Full
3440	3440	90	6150	15	0	1	7	31	0	0	0	255	255	255	255	255	255	0	// Wings of Darkness Full
3450	3450	90	6186	15	0	1	7	31	0	0	0	255	255	255	255	255	255	0	// Wind of Despair Full
3460	3460	90	6193	15	0	1	7	31	0	0	0	255	255	255	255	255	255	0	// Cloak of Warrior Full
3470	3470	90	6686	15	0	1	7	31	0	0	0	255	255	255	255	255	255	0	// Cape of Lord Full
3480	3480	100	6180	15	0	1	7	31	0	0	0	255	255	255	255	255	255	0	// Wing of Storm Full
3490	3490	100	6181	15	0	1	7	31	0	0	0	255	255	255	255	255	255	0	// Wing of Eternal Full
3500	3500	100	6182	15	0	1	7	31	0	0	0	255	255	255	255	255	255	0	// Wing of Illusion Full
3510	3510	100	6183	15	0	1	7	31	0	0	0	255	255	255	255	255	255	0	// Wing of Ruin Full
3520	3520	100	6184	15	0	1	7	31	0	0	0	255	255	255	255	255	255	0	// Cape of Emperor Full
3530	3530	100	6187	15	0	1	7	31	0	0	0	255	255	255	255	255	255	0	// Wing of Dimension Full
3540	3540	100	6194	15	0	1	7	31	0	0	0	255	255	255	255	255	255	0	// Lord of the Cape Full
3550	3550	800	6144	15	0	1	7	31	0	0	0	255	255	255	255	255	255	0	// Wings of Elf Full
3560	3560	800	6145	15	0	1	7	31	0	0	0	255	255	255	255	255	255	0	// Wings of Heaven Full
3570	3570	800	6146	15	0	1	7	31	0	0	0	255	255	255	255	255	255	0	// Wings of Satan Full
3580	3580	800	6185	15	0	1	7	31	0	0	0	255	255	255	255	255	255	0	// Wing of Curse Full
3590	3590	800	6279	15	0	1	7	31	0	0	0	255	255	255	255	255	255	0	// Small Cloak of Warrior Full
3600	3600	800	6274	15	0	1	7	31	0	0	0	255	255	255	255	255	255	0	// Small Cape of Lord Full
3610	3610	800	6660	0	0	0	0	0	0	0	0	255	255	255	255	255	255	0	// Dark Horse
3620	3620	800	6661	0	0	0	0	0	0	0	0	255	255	255	255	255	255	0	// Dark Raven
3630	3630	200	6720	0	0	0	7	0	0	0	0	255	255	255	255	255	255	0	// Demon
3640	3640	200	6721	0	0	0	7	0	0	0	0	255	255	255	255	255	255	0	// Spirit of Guardian
3650	3650	150	6723	0	0	0	7	0	0	0	0	255	255	255	255	255	255	0	// Pet Rudolf
3660	3660	100	6702	0	0	0	0	0	0	0	0	255	255	255	255	255	10	0	// Devil Square Ticket
3670	3670	100	6703	0	0	0	0	0	0	0	0	255	255	255	255	255	10	0	// Blood Castle Ticket
3680	3680	100	6704	0	0	0	0	0	0	0	0	255	255	255	255	255	10	0	// Kalima Ticket
3690	3690	1000	6732	0	0	0	7	0	0	0	0	255	255	255	255	255	255	0	// Panda Ring
3700	3700	200	6738	0	0	0	0	0	0	0	0	255	255	255	255	255	255	0	// Talisman of Item Protection (1 UN)
3720	3720	1000	6778	0	0	0	0	0	0	0	0	255	255	255	255	255	255	0	// Skeleton Transformation Ring
3730	3730	500	7213	0	0	0	0	0	0	0	0	255	255	255	255	255	255	0	// Pumpkin of Luck (255 UN)
3740	3740	500	7214	0	0	0	0	0	0	0	0	255	255	255	255	255	255	0	// Jack O'Lantern Blessings (255 UN)
3750	3750	500	7215	0	0	0	0	0	0	0	0	255	255	255	255	255	255	0	// Jack O'Lantern Wrath (255 UN)
3760	3760	500	7216	0	0	0	0	0	0	0	0	255	255	255	255	255	255	0	// Jack O'Lantern Cry (255 UN)
3770	3770	500	7217	0	0	0	0	0	0	0	0	255	255	255	255	255	255	0	// Jack O'Lantern Food (255 UN)
3780	3780	500	7218	0	0	0	0	0	0	0	0	255	255	255	255	255	255	0	// Jack O'Lantern Drink (255 UN)
3790	3790	70	3586	15	0	1	7	63	0	0	0	255	255	255	255	255	255	0	// Pad Helm Excelent
3790	3791	80	3586	15	0	1	7	63	5	0	0	255	255	255	255	255	255	0	// Pad Helm Apollo
3790	3792	80	3586	15	0	1	7	63	10	0	0	255	255	255	255	255	255	0	// Pad Helm Bernake
3800	3800	70	4098	15	0	1	7	63	0	0	0	255	255	255	255	255	255	0	// Pad Armor Excelent
3800	3801	80	4098	15	0	1	7	63	5	0	0	255	255	255	255	255	255	0	// Pad Armor Apollo
3810	3810	70	5122	15	0	1	7	63	0	0	0	255	255	255	255	255	255	0	// Pad Gloves Excelent
3810	3811	80	5122	15	0	1	7	63	5	0	0	255	255	255	255	255	255	0	// Pad Gloves Apollo
3820	3820	70	4610	15	0	1	7	63	0	0	0	255	255	255	255	255	255	0	// Pad Pants Excelent
3820	3821	80	4610	15	0	1	7	63	5	0	0	255	255	255	255	255	255	0	// Pad Pants Apollo
3820	3822	80	4610	15	0	1	7	63	10	0	0	255	255	255	255	255	255	0	// Pad Pants Bernake
3830	3830	70	5634	15	0	1	7	63	0	0	0	255	255	255	255	255	255	0	// Pad Boots Excelent
3830	3831	80	5634	15	0	1	7	63	10	0	0	255	255	255	255	255	255	0	// Pad Boots Bernake
3840	3840	80	3587	15	0	1	7	63	0	0	0	255	255	255	255	255	255	0	// Legendary Helm Excelent
3840	3841	90	3587	15	0	1	7	63	5	0	0	255	255	255	255	255	255	0	// Legendary Helm Anubis
3840	3842	90	3587	15	0	1	7	63	10	0	0	255	255	255	255	255	255	0	// Legendary Helm Enis
3850	3850	80	4099	15	0	1	7	63	0	0	0	255	255	255	255	255	255	0	// Legendary Armor Excelent
3850	3851	90	4099	15	0	1	7	63	5	0	0	255	255	255	255	255	255	0	// Legendary Armor Anubis
3850	3852	90	4099	15	0	1	7	63	10	0	0	255	255	255	255	255	255	0	// Legendary Armor Enis
3860	3860	80	5123	15	0	1	7	63	0	0	0	255	255	255	255	255	255	0	// Legendary Gloves Excelent
3860	3861	90	5123	15	0	1	7	63	5	0	0	255	255	255	255	255	255	0	// Legendary Gloves Anubis
3870	3870	80	4611	15	0	1	7	63	0	0	0	255	255	255	255	255	255	0	// Legendary Pants Excelent
3870	3871	90	4611	15	0	1	7	63	10	0	0	255	255	255	255	255	255	0	// Legendary Pants Enis
3880	3880	80	5635	15	0	1	7	63	0	0	0	255	255	255	255	255	255	0	// Legendary Boots Excelent
3880	3881	90	5635	15	0	1	7	63	10	0	0	255	255	255	255	255	255	0	// Legendary Boots Enis
3890	3890	72	3588	15	0	1	7	63	0	0	0	255	255	255	255	255	255	0	// Bone Helm Excelent
3890	3891	82	3588	15	0	1	7	63	10	0	0	255	255	255	255	255	255	0	// Bone Helm Sylion
3900	3900	72	4100	15	0	1	7	63	0	0	0	255	255	255	255	255	255	0	// Bone Armor Excelent
3900	3901	82	4100	15	0	1	7	63	5	0	0	255	255	255	255	255	255	0	// Bone Armor Evis
3900	3902	82	4100	15	0	1	7	63	10	0	0	255	255	255	255	255	255	0	// Bone Armor Sylion
3910	3910	72	4612	15	0	1	7	63	0	0	0	255	255	255	255	255	255	0	// Bone Pants Excelent
3910	3911	82	4612	15	0	1	7	63	5	0	0	255	255	255	255	255	255	0	// Bone Pants Evis
3920	3920	72	5124	15	0	1	7	63	0	0	0	255	255	255	255	255	255	0	// Bone Gloves Excelent
3920	3921	82	5124	15	0	1	7	63	10	0	0	255	255	255	255	255	255	0	// Bone Gloves Sylion
3930	3930	72	5636	15	0	1	7	63	0	0	0	255	255	255	255	255	255	0	// Bone Boots Excelent
3930	3931	82	5636	15	0	1	7	63	5	0	0	255	255	255	255	255	255	0	// Bone Boots Evis
3930	3932	82	5636	15	0	1	7	63	10	0	0	255	255	255	255	255	255	0	// Bone Boots Sylion
3940	3940	74	3591	15	0	1	7	63	0	0	0	255	255	255	255	255	255	0	// Sphinx Mask Excelent
3940	3941	84	3591	15	0	1	7	63	5	0	0	255	255	255	255	255	255	0	// Sphinx Mask Heras
3950	3950	74	4103	15	0	1	7	63	0	0	0	255	255	255	255	255	255	0	// Sphinx Armor Excelent
3950	3951	84	4103	15	0	1	7	63	5	0	0	255	255	255	255	255	255	0	// Sphinx Armor Heras
3950	3952	84	4103	15	0	1	7	63	10	0	0	255	255	255	255	255	255	0	// Sphinx Armor Minet
3960	3960	74	5127	15	0	1	7	63	0	0	0	255	255	255	255	255	255	0	// Sphinx Gloves Excelent
3960	3961	84	5127	15	0	1	7	63	5	0	0	255	255	255	255	255	255	0	// Sphinx Gloves Heras
3970	3970	74	4615	15	0	1	7	63	0	0	0	255	255	255	255	255	255	0	// Sphinx Pants Excelent
3970	3971	84	4615	15	0	1	7	63	5	0	0	255	255	255	255	255	255	0	// Sphinx Pants Heras
3970	3972	84	4615	15	0	1	7	63	10	0	0	255	255	255	255	255	255	0	// Sphinx Pants Minet
3980	3980	74	5639	15	0	1	7	63	0	0	0	255	255	255	255	255	255	0	// Sphinx Boots Excelent
3980	3981	84	5639	15	0	1	7	63	5	0	0	255	255	255	255	255	255	0	// Sphinx Boots Heras
3980	3982	84	5639	15	0	1	7	63	10	0	0	255	255	255	255	255	255	0	// Sphinx Boots Minet
3990	3990	82	3602	15	0	1	7	63	0	0	0	255	255	255	255	255	255	0	// Grand Soul Helm Excelent
4000	4000	82	4114	15	0	1	7	63	0	0	0	255	255	255	255	255	255	0	// Grand Soul Armor Excelent
4010	4010	82	5138	15	0	1	7	63	0	0	0	255	255	255	255	255	255	0	// Grand Soul Gloves Excelent
4020	4020	82	4626	15	0	1	7	63	0	0	0	255	255	255	255	255	255	0	// Grand Soul Pants Excelent
4030	4030	82	5650	15	0	1	7	63	0	0	0	255	255	255	255	255	255	0	// Grand Soul Boots Excelent
4040	4040	84	3606	15	0	1	7	63	0	0	0	255	255	255	255	255	255	0	// Dark Soul Helm Excelent
4050	4050	84	4118	15	0	1	7	63	0	0	0	255	255	255	255	255	255	0	// Dark Soul Armor Excelent
4060	4060	84	5142	15	0	1	7	63	0	0	0	255	255	255	255	255	255	0	// Dark Soul Gloves Excelent
4070	4070	84	4630	15	0	1	7	63	0	0	0	255	255	255	255	255	255	0	// Dark Soul Pants Excelent
4080	4080	84	5654	15	0	1	7	63	0	0	0	255	255	255	255	255	255	0	// Dark Soul Boots Excelent
4090	4090	90	3614	15	0	1	7	63	0	0	0	255	255	255	255	255	255	0	// Venom Mist Helm Excelent
4100	4100	90	4126	15	0	1	7	63	0	0	0	255	255	255	255	255	255	0	// Venom Mist Armor Excelent
4110	4110	90	5150	15	0	1	7	63	0	0	0	255	255	255	255	255	255	0	// Venom Mist Gloves Excelent
4120	4120	90	4638	15	0	1	7	63	0	0	0	255	255	255	255	255	255	0	// Venom Mist Pants Excelent
4130	4130	90	5662	15	0	1	7	63	0	0	0	255	255	255	255	255	255	0	// Venom Mist Boots Excelent
4140	4140	86	3619	15	0	1	7	63	0	0	0	255	255	255	255	255	255	0	// Eclipse Helm Excelent
4150	4150	86	4131	15	0	1	7	63	0	0	0	255	255	255	255	255	255	0	// Eclipse Armor Excelent
4160	4160	86	5155	15	0	1	7	63	0	0	0	255	255	255	255	255	255	0	// Eclipse Gloves Excelent
4170	4170	86	4643	15	0	1	7	63	0	0	0	255	255	255	255	255	255	0	// Eclipse Pants Excelent
4180	4180	86	5667	15	0	1	7	63	0	0	0	255	255	255	255	255	255	0	// Eclipse Boots Excelent
4190	4190	100	3636	15	0	1	7	63	0	0	0	254	254	254	254	254	255	0	// Hades Helm Excelent
4200	4200	100	4148	15	0	1	7	63	0	0	0	254	254	254	254	254	255	0	// Hades Armor Excelent
4210	4210	100	5172	15	0	1	7	63	0	0	0	254	254	254	254	254	255	0	// Hades Gloves Excelent
4220	4220	100	4660	15	0	1	7	63	0	0	0	254	254	254	254	254	255	0	// Hades Pants Excelent
4230	4230	100	5684	15	0	1	7	63	0	0	0	254	254	254	254	254	255	0	// Hades Boots Excelent
4240	4240	70	3594	15	0	1	7	63	0	0	0	255	255	255	255	255	255	0	// Vine Helm Excelent
4240	4241	80	3594	15	0	1	7	63	5	0	0	255	255	255	255	255	255	0	// Vine Helm Ceto
4240	4242	80	3594	15	0	1	7	63	10	0	0	255	255	255	255	255	255	0	// Vine Helm Drake
4250	4250	70	4106	15	0	1	7	63	0	0	0	255	255	255	255	255	255	0	// Vine Armor Excelent
4250	4251	80	4106	15	0	1	7	63	10	0	0	255	255	255	255	255	255	0	// Vine Armor Drake
4260	4260	70	5130	15	0	1	7	63	0	0	0	255	255	255	255	255	255	0	// Vine Gloves Excelent
4260	4261	80	5130	15	0	1	7	63	5	0	0	255	255	255	255	255	255	0	// Vine Gloves Ceto
4270	4270	70	4618	15	0	1	7	63	0	0	0	255	255	255	255	255	255	0	// Vine Pants Excelent
4270	4271	80	4618	15	0	1	7	63	5	0	0	255	255	255	255	255	255	0	// Vine Pants Ceto
4270	4272	80	4618	15	0	1	7	63	10	0	0	255	255	255	255	255	255	0	// Vine Pants Drake
4280	4280	70	5642	15	0	1	7	63	0	0	0	255	255	255	255	255	255	0	// Vine Boots Excelent
4280	4281	80	5642	15	0	1	7	63	5	0	0	255	255	255	255	255	255	0	// Vine Boots Ceto
4280	4282	80	5642	15	0	1	7	63	10	0	0	255	255	255	255	255	255	0	// Vine Boots Drake
4290	4290	72	3595	15	0	1	7	63	0	0	0	255	255	255	255	255	255	0	// Silk Helm Excelent
4290	4291	82	3595	15	0	1	7	63	5	0	0	255	255	255	255	255	255	0	// Silk Helm Gaia
4300	4300	72	4107	15	0	1	7	63	0	0	0	255	255	255	255	255	255	0	// Silk Armor Excelent
4300	4301	82	4107	15	0	1	7	63	5	0	0	255	255	255	255	255	255	0	// Silk Armor Gaia
4310	4310	72	5131	15	0	1	7	63	0	0	0	255	255	255	255	255	255	0	// Silk Gloves Excelent
4310	4311	82	5131	15	0	1	7	63	5	0	0	255	255	255	255	255	255	0	// Silk Gloves Gaia
4310	4312	82	5131	15	0	1	7	63	10	0	0	255	255	255	255	255	255	0	// Silk Gloves Fase
4320	4320	72	4619	15	0	1	7	63	0	0	0	255	255	255	255	255	255	0	// Silk Pants Excelent
4320	4321	82	4619	15	0	1	7	63	5	0	0	255	255	255	255	255	255	0	// Silk Pants Gaia
4320	4322	82	4619	15	0	1	7	63	10	0	0	255	255	255	255	255	255	0	// Silk Pants Fase
4330	4330	72	5643	15	0	1	7	63	0	0	0	255	255	255	255	255	255	0	// Silk Boots Excelent
4330	4331	82	5643	15	0	1	7	63	10	0	0	255	255	255	255	255	255	0	// Silk Boots Fase
4340	4340	74	3596	15	0	1	7	63	0	0	0	255	255	255	255	255	255	0	// Wind Helm Excelent
4340	4341	84	3596	15	0	1	7	63	5	0	0	255	255	255	255	255	255	0	// Wind Helm Odin
4350	4350	74	4108	15	0	1	7	63	0	0	0	255	255	255	255	255	255	0	// Wind Armor Excelent
4350	4351	84	4108	15	0	1	7	63	5	0	0	255	255	255	255	255	255	0	// Wind Armor Odin
4360	4360	74	5132	15	0	1	7	63	0	0	0	255	255	255	255	255	255	0	// Wind Gloves Excelent
4360	4361	84	5132	15	0	1	7	63	5	0	0	255	255	255	255	255	255	0	// Wind Gloves Odin
4370	4370	74	4620	15	0	1	7	63	0	0	0	255	255	255	255	255	255	0	// Wind Pants Excelent
4370	4371	84	4620	15	0	1	7	63	5	0	0	255	255	255	255	255	255	0	// Wind Pants Odin
4370	4372	84	4620	15	0	1	7	63	10	0	0	255	255	255	255	255	255	0	// Wind Pants Elvian
4380	4380	74	5644	15	0	1	7	63	0	0	0	255	255	255	255	255	255	0	// Wind Boots Excelent
4380	4381	84	5644	15	0	1	7	63	5	0	0	255	255	255	255	255	255	0	// Wind Boots Odin
4380	4382	84	5644	15	0	1	7	63	10	0	0	255	255	255	255	255	255	0	// Wind Boots Elvian
4390	4390	76	3597	15	0	1	7	63	0	0	0	255	255	255	255	255	255	0	// Spirit Helm Excelent
4390	4391	86	3597	15	0	1	7	63	10	0	0	255	255	255	255	255	255	0	// Spirit Helm Karis
4400	4400	76	4109	15	0	1	7	63	0	0	0	255	255	255	255	255	255	0	// Spirit Armor (1 UN)
4400	4401	86	4109	15	0	1	7	63	5	0	0	255	255	255	255	255	255	0	// Spirit Armor Argo
4410	4410	76	5133	15	0	1	7	63	0	0	0	255	255	255	255	255	255	0	// Spirit Gloves Excelent
4410	4411	86	5133	15	0	1	7	63	5	0	0	255	255	255	255	255	255	0	// Spirit Gloves Argo
4420	4420	76	4621	15	0	1	7	63	0	0	0	255	255	255	255	255	255	0	// Spirit Pants Excelent
4420	4421	86	4621	15	0	1	7	63	5	0	0	255	255	255	255	255	255	0	// Spirit Pants Argo
4420	4422	86	4621	15	0	1	7	63	10	0	0	255	255	255	255	255	255	0	// Spirit Pants Karis
4430	4430	76	5645	15	0	1	7	63	0	0	0	255	255	255	255	255	255	0	// Spirit Boots Excelent
4430	4431	86	5645	15	0	1	7	63	10	0	0	255	255	255	255	255	255	0	// Spirit Boots Karis
4440	4440	80	3598	15	0	1	7	63	0	0	0	255	255	255	255	255	255	0	// Guardian Helm Excelent
4440	4441	90	3598	15	0	1	7	63	10	0	0	255	255	255	255	255	255	0	// Guardian Helm Aruan
4450	4450	80	4110	15	0	1	7	63	0	0	0	255	255	255	255	255	255	0	// Guardian Armor Excelent
4450	4451	90	4110	15	0	1	7	63	5	0	0	255	255	255	255	255	255	0	// Guardian Armor Gywen
4450	4452	90	4110	15	0	1	7	63	10	0	0	255	255	255	255	255	255	0	// Guardian Armor Aruan
4460	4460	80	5134	15	0	1	7	63	0	0	0	255	255	255	255	255	255	0	// Guardian Gloves Excelent
4460	4461	90	5134	15	0	1	7	63	5	0	0	255	255	255	255	255	255	0	// Guardian Gloves Gywen
4470	4470	80	4622	15	0	1	7	63	0	0	0	255	255	255	255	255	255	0	// Guardian Pants Excelent
4470	4471	90	4622	15	0	1	7	63	10	0	0	255	255	255	255	255	255	0	// Guardian Pants Aruan
4480	4480	80	5646	15	0	1	7	63	0	0	0	255	255	255	255	255	255	0	// Guardian Boots Excelent
4480	4481	90	5646	15	0	1	7	63	5	0	0	255	255	255	255	255	255	0	// Guardian Boots Gywen
4480	4482	90	5646	15	0	1	7	63	10	0	0	255	255	255	255	255	255	0	// Guardian Boots Aruan
4490	4490	82	3603	15	0	1	7	63	0	0	0	255	255	255	255	255	255	0	// Divine Helm Excelent
4500	4500	82	4115	15	0	1	7	63	0	0	0	255	255	255	255	255	255	0	// Divine Armor Excelent
4510	4510	82	5139	15	0	1	7	63	0	0	0	255	255	255	255	255	255	0	// Divine Gloves Excelent
4520	4520	82	4627	15	0	1	7	63	0	0	0	255	255	255	255	255	255	0	// Divine Pants Excelent
4530	4530	82	5651	15	0	1	7	63	0	0	0	255	255	255	255	255	255	0	// Divine Boots Excelent
4540	4540	84	3608	15	0	1	7	63	0	0	0	255	255	255	255	255	255	0	// Red Spirit Helm Excelent
4550	4550	84	4120	15	0	1	7	63	0	0	0	255	255	255	255	255	255	0	// Red Sprit Armor Excelent
4560	4560	84	5144	15	0	1	7	63	0	0	0	255	255	255	255	255	255	0	// Red Spirit Gloves Excelent
4570	4570	84	4632	15	0	1	7	63	0	0	0	255	255	255	255	255	255	0	// Red Spirit Pants Excelent
4580	4580	84	5656	15	0	1	7	63	0	0	0	255	255	255	255	255	255	0	// Red Spirit Boots Excelent
4590	4590	90	3615	15	0	1	7	63	0	0	0	255	255	255	255	255	255	0	// Sylphid Ray Helm Excelent
4600	4600	90	4127	15	0	1	7	63	0	0	0	255	255	255	255	255	255	0	// Sylphid Ray Armor Excelent
4610	4610	90	5151	15	0	1	7	63	0	0	0	255	255	255	255	255	255	0	// Sylphid Ray Gloves Excelent
4620	4620	90	4639	15	0	1	7	63	0	0	0	255	255	255	255	255	255	0	// Sylphid Ray Pants Excelent
4630	4630	90	5663	15	0	1	7	63	0	0	0	255	255	255	255	255	255	0	// Sylphid Ray Boots Excelent
4640	4640	86	3620	15	0	1	7	63	0	0	0	255	255	255	255	255	255	0	// Iris Helm Excelent
4650	4650	86	4132	15	0	1	7	63	0	0	0	255	255	255	255	255	255	0	// Iris Armor Excelent
4660	4660	86	5156	15	0	1	7	63	0	0	0	255	255	255	255	255	255	0	// Iris Gloves Excelent
4670	4670	86	4644	15	0	1	7	63	0	0	0	255	255	255	255	255	255	0	// Iris Pants Excelent
4680	4680	86	5668	15	0	1	7	63	0	0	0	255	255	255	255	255	255	0	// Iris Boots Excelent
4690	4690	100	3633	15	0	1	7	63	0	0	0	255	255	255	255	255	255	0	// Seraphim Helm Excelent
4700	4700	100	4145	15	0	1	7	63	0	0	0	255	255	255	255	255	255	0	// Seraphim Armor Excelent
4710	4710	100	5169	15	0	1	7	63	0	0	0	255	255	255	255	255	255	0	// Seraphim Gloves Excelent
4720	4720	100	4657	15	0	1	7	63	0	0	0	255	255	255	255	255	255	0	// Seraphim Pants Excelent
4730	4730	100	5681	15	0	1	7	63	0	0	0	255	255	255	255	255	255	0	// Seraphim Boots Excelent
4740	4740	100	3634	15	0	1	7	63	0	0	0	255	255	255	255	255	255	0	// Divine Helm Excelent
4750	4750	100	4146	15	0	1	7	63	0	0	0	255	255	255	255	255	255	0	// Divine Armor Excelent
4760	4760	100	5170	15	0	1	7	63	0	0	0	255	255	255	255	255	255	0	// Divine Gloves Excelent
4770	4770	100	4658	15	0	1	7	63	0	0	0	255	255	255	255	255	255	0	// Divine Pants Excelent
4780	4780	100	5682	15	0	1	7	63	0	0	0	255	255	255	255	255	255	0	// Divine Boots Excelent
4790	4790	70	0	15	1	1	0	63	0	0	0	255	255	255	255	255	255	0	// Kris Excelent
4800	4800	65	1	15	1	1	0	63	0	0	0	255	255	255	255	255	255	0	// Short Sword Excelent
4810	4810	68	2	15	1	1	7	63	0	0	0	255	255	255	255	255	255	0	// Rapier Excelent
4810	4811	78	2	15	1	1	7	63	5	0	0	255	255	255	255	255	255	0	// Rapier Ceto
4820	4820	68	3	15	1	1	7	63	0	0	0	255	255	255	255	255	255	0	// Katana Excelent
4830	4830	68	4	15	1	1	7	63	0	0	0	255	255	255	255	255	255	0	// Sword of Assassin Excelent
4840	4840	68	5	15	1	1	7	63	0	0	0	255	255	255	255	255	255	0	// Blade Excelent
4850	4850	70	6	15	1	1	7	63	0	0	0	255	255	255	255	255	255	0	// Gladius Excelent
4860	4860	70	7	15	1	1	7	63	0	0	0	255	255	255	255	255	255	0	// Falchion Excelent
4870	4870	70	8	15	1	1	7	63	0	0	0	255	255	255	255	255	255	0	// Serpent Sword Excelent
4880	4880	71	9	15	1	1	7	63	0	0	0	255	255	255	255	255	255	0	// Sword of Salamander Excelent
4890	4890	72	10	15	1	1	7	63	0	0	0	255	255	255	255	255	255	0	// Light Saber Excelent
4900	4900	73	11	15	1	1	7	63	0	0	0	255	255	255	255	255	255	0	// Legendary Sword Excelent
4910	4910	74	12	15	1	1	7	63	0	0	0	255	255	255	255	255	255	0	// Heliacal Sword Excelent
4920	4920	75	13	15	1	1	7	63	0	0	0	255	255	255	255	255	255	0	// Double Blade Excelent
4930	4930	75	14	15	1	1	7	63	0	0	0	254	254	254	254	254	255	0	// Lighting Sword Excelent
4930	4931	85	14	15	1	1	7	63	5	0	0	255	255	255	255	255	255	0	// Lighting Sword Hyon
4940	4940	75	15	15	1	1	7	63	0	0	0	255	255	255	255	255	255	0	// Giant Sword Excelent
4950	4950	77	16	15	1	1	7	63	0	0	0	255	255	255	255	255	255	0	// Sword of Destruction Excelent
4960	4960	80	17	15	1	1	7	63	0	0	0	255	255	255	255	255	255	0	// Dark Breaker Excelent
4970	4970	80	18	15	1	1	7	63	0	0	0	255	255	255	255	255	255	0	// Thunder Blade Excelent
4980	4980	80	19	15	1	1	7	63	0	0	0	255	255	255	255	255	255	0	// Divine Sword of Archangel Excelent
4990	4990	83	20	15	1	1	7	63	0	0	0	255	255	255	255	255	255	0	// Knight Blade Excelent
5000	5000	83	21	15	1	1	7	63	0	0	0	255	255	255	255	255	255	0	// Dark Reign Blade Excelent
5010	5010	90	22	15	1	1	7	63	0	0	0	255	255	255	255	255	255	0	// Bone Blade Excelent
5020	5020	90	23	15	1	1	7	63	0	0	0	255	255	255	255	255	255	0	// Explosion Blade Excelent
5030	5030	85	24	15	1	1	7	63	0	0	0	255	255	255	255	255	255	0	// Daybreak Excelent
5040	5040	87	25	15	1	1	7	63	0	0	0	255	255	255	255	255	255	0	// Sword Dancer Excelent
5050	5050	100	26	15	1	1	7	63	0	0	0	254	254	254	254	254	255	0	// Flameberge Excelent
5060	5060	100	27	15	1	1	7	63	0	0	0	254	254	254	254	254	255	0	// Sword Breaker Excelent
5070	5070	100	28	15	1	1	7	63	0	0	0	254	254	254	254	254	255	0	// Rune Bastard Sword Excelent
5080	5080	85	31	15	1	1	7	63	0	0	0	255	255	255	255	255	255	0	// Rune Blade Excelent
5090	5090	75	32	15	1	1	7	63	0	0	0	254	254	254	254	254	255	0	// Sacred Glove Excelent
5090	5091	85	32	15	1	1	7	63	5	0	0	255	255	255	255	255	255	0	// Sacred Glove Vega
5090	5092	85	32	15	1	1	7	63	10	0	0	255	255	255	255	255	255	0	// Sacred Glove Chamer
5100	5100	80	33	15	1	1	7	63	0	0	0	254	254	254	254	254	255	0	// Holly Storm Claws Excelent
5110	5110	85	34	15	1	1	7	63	0	0	0	254	254	254	254	254	255	0	// Piercing Glove Excelent
5120	5120	90	35	15	1	1	7	63	0	0	0	254	254	254	254	254	255	0	// Phoenix Soul Star Excelent
5130	5130	65	512	15	1	1	7	63	0	0	0	255	255	255	255	255	255	0	// Small Axe Excelent
5140	5140	66	513	15	1	1	0	63	0	0	0	254	254	254	254	254	255	0	// Hand Axe Excelent
5150	5150	67	514	15	1	1	0	63	0	0	0	254	254	254	254	254	255	0	// Double Axe Excelent
5160	5160	68	515	15	1	1	0	63	0	0	0	254	254	254	254	254	255	0	// Tomahawk Excelent
5170	5170	75	516	15	1	1	0	63	0	0	0	254	254	254	254	254	255	0	// Elven Axe Excelent
5180	5180	72	517	15	1	1	0	63	0	0	0	254	254	254	254	254	255	0	// Battle Axe Excelent
5190	5190	73	518	15	1	1	0	63	0	0	0	254	254	254	254	254	255	0	// Nikea Axe Excelent
5200	5200	75	519	15	1	1	0	63	0	0	0	254	254	254	254	254	255	0	// Larkan Axe Excelent
5210	5210	75	520	15	1	1	0	63	0	0	0	254	254	254	254	254	255	0	// Crescent Axe Excelent
5220	5220	68	1024	15	1	1	7	63	0	0	0	255	255	255	255	255	255	0	// Mace Excelent
5230	5230	70	1025	15	1	1	7	63	0	0	0	255	255	255	255	255	255	0	// Morning Star Excelent
5230	5231	80	1025	15	1	1	7	63	5	0	0	255	255	255	255	255	255	0	// Morning Star Warrior
5240	5240	72	1026	15	1	1	7	63	0	0	0	255	255	255	255	255	255	0	// Flail Excelent
5250	5250	73	1027	15	1	1	7	63	0	0	0	255	255	255	255	255	255	0	// Great Hammer Excelent
5260	5260	80	1028	15	1	1	7	63	0	0	0	255	255	255	255	255	255	0	// Crystal Morning Star Excelent
5270	5270	85	1029	15	1	1	7	63	0	0	0	255	255	255	255	255	255	0	// Crystal Sword Excelent
5280	5280	82	1030	15	1	1	7	63	0	0	0	255	255	255	255	255	255	0	// Chaos Dragon Axe Excelent
5290	5290	87	1031	15	1	1	7	63	0	0	0	255	255	255	255	255	255	0	// Elemental Mace Excelent
5300	5300	73	1032	15	1	1	7	63	0	0	0	255	255	255	255	255	255	0	// Battle Scepter Excelent
5310	5310	75	1033	15	1	1	7	63	0	0	0	255	255	255	255	255	255	0	// Master Scepter Excelent
5320	5320	77	1034	15	1	1	7	63	0	0	0	255	255	255	255	255	255	0	// Great Scepter Excelent
5330	5330	80	1035	15	1	1	7	63	0	0	0	255	255	255	255	255	255	0	// Lord Scepter Excelent
5340	5340	81	1036	15	1	1	7	63	0	0	0	255	255	255	255	255	255	0	// Great Lord Scepter Excelent
5350	5350	83	1037	15	1	1	7	63	0	0	0	255	255	255	255	255	255	0	// Divine Scepter of Archangel Excelent
5360	5360	87	1038	15	1	1	7	63	0	0	0	255	255	255	255	255	255	0	// Soleil Sceptor Excelent
5370	5370	85	1039	15	1	1	7	63	0	0	0	255	255	255	255	255	255	0	// Shining Scepter Excelent
5380	5380	100	1040	15	1	1	7	63	0	0	0	254	254	254	254	254	255	0	// Frost Mace Excelent
5390	5390	100	1041	15	1	1	7	63	0	0	0	254	254	254	254	254	255	0	// Absolute Scepter Excelent
5400	5400	85	1042	15	1	1	7	63	0	0	0	255	255	255	255	255	255	0	// Striker Scepter Excelent
5410	5410	72	1536	15	1	1	7	63	0	0	0	255	255	255	255	255	255	0	// Light Spear Excelent
5420	5420	73	1537	15	1	1	7	63	0	0	0	255	255	255	255	255	255	0	// Spear Excelent
5430	5430	73	1538	15	1	1	7	63	0	0	0	255	255	255	255	255	255	0	// Dragon Lance Excelent
5440	5440	74	1539	15	1	1	7	63	0	0	0	255	255	255	255	255	255	0	// Giant Trident Excelent
5450	5450	74	1540	15	1	1	7	63	0	0	0	255	255	255	255	255	255	0	// Serpent Spear Excelent
5460	5460	74	1541	15	1	1	7	63	0	0	0	255	255	255	255	255	255	0	// Double Poleaxe Excelent
5470	5470	74	1542	15	1	1	7	63	0	0	0	255	255	255	255	255	255	0	// Halberd Excelent
5480	5480	75	1543	15	1	1	7	63	0	0	0	255	255	255	255	255	255	0	// Berdysh Excelent
5490	5490	75	1544	15	1	1	7	63	0	0	0	255	255	255	255	255	255	0	// Great Scythe Excelent
5500	5500	77	1545	15	1	1	7	63	0	0	0	255	255	255	255	255	255	0	// Bill of Balrog Excelent
5510	5510	80	1546	15	1	1	7	63	0	0	0	255	255	255	255	255	255	0	// Dragon Spear Excelent
5520	5520	90	1547	15	1	1	7	63	0	0	0	255	255	255	255	255	255	0	// Brova Excelent
5530	5530	65	2048	15	1	1	7	63	0	0	0	255	255	255	255	255	255	0	// Short Bow Excelent
5540	5540	66	2049	15	1	1	7	63	0	0	0	255	255	255	255	255	255	0	// Bow Excelent
5550	5550	66	2050	15	1	1	7	63	0	0	0	255	255	255	255	255	255	0	// Elven Bow Excelent
5560	5560	67	2051	15	1	1	7	63	0	0	0	255	255	255	255	255	255	0	// Battle Bow Excelent
5570	5570	68	2052	15	1	1	7	63	0	0	0	255	255	255	255	255	255	0	// Tiger Bow Excelent
5580	5580	75	2053	15	1	1	7	63	0	0	0	255	255	255	255	255	255	0	// Silver Bow Excelent
5580	5581	85	2053	15	1	1	7	63	5	0	0	255	255	255	255	255	255	0	// Silver Bow Gywen
5590	5590	75	2054	15	1	1	7	63	0	0	0	255	255	255	255	255	255	0	// Chaos Nature Bow Excelent
5600	5600	65	2056	15	1	1	7	63	0	0	0	255	255	255	255	255	255	0	// Crossbow Excelent
5610	5610	67	2057	15	1	1	7	63	0	0	0	255	255	255	255	255	255	0	// Golden Crossbow Excelent
5620	5620	68	2058	15	1	1	7	63	0	0	0	255	255	255	255	255	255	0	// Arquebus Excelent
5630	5630	73	2059	15	1	1	7	63	0	0	0	255	255	255	255	255	255	0	// Light Crossbow Excelent
5640	5640	75	2060	15	1	1	7	63	0	0	0	255	255	255	255	255	255	0	// Serpent Crossbow Excelent
5650	5650	76	2061	15	1	1	7	63	0	0	0	255	255	255	255	255	255	0	// Bluewing Crossbow Excelent
5660	5660	78	2062	15	1	1	7	63	0	0	0	255	255	255	255	255	255	0	// Aquagold Crossbow Excelent
5670	5670	80	2064	15	1	1	7	63	0	0	0	255	255	255	255	255	255	0	// Saint Crossbow Excelent
5680	5680	81	2065	15	1	1	7	63	0	0	0	255	255	255	255	255	255	0	// Celestial Bow Excelent
5690	5690	81	2066	15	1	1	7	63	0	0	0	255	255	255	255	255	255	0	// Divine Crossbow of Archangel Excelent
5700	5700	83	2067	15	1	1	7	63	0	0	0	255	255	255	255	255	255	0	// Great Reign Crossbow Excelent
5710	5710	83	2068	15	1	1	7	63	0	0	0	255	255	255	255	255	255	0	// Arrow Viper Bow Excelent
5720	5720	87	2069	15	1	1	7	63	0	0	0	255	255	255	255	255	255	0	// Sylph Wind Bow Excelent
5730	5730	85	2070	15	1	1	7	63	0	0	0	255	255	255	255	255	255	0	// Albatross Bow Excelent
5740	5740	100	2071	15	1	1	7	63	0	0	0	254	254	254	254	254	255	0	// Dark Stinger Excelent
5750	5750	90	2072	15	1	1	7	63	0	0	0	255	255	255	255	255	255	0	// Aileen Bowr Excelent
5760	5760	65	2560	15	1	1	7	63	0	0	0	255	255	255	255	255	255	0	// Skull Staff Excelent
5760	5761	75	2560	15	1	1	7	63	5	0	0	255	255	255	255	255	255	0	// Skull Staff Apollo
5770	5770	65	2561	15	1	1	7	63	0	0	0	255	255	255	255	255	255	0	// Angelic Staff Excelent
5780	5780	66	2562	15	1	1	7	63	0	0	0	255	255	255	255	255	255	0	// Serpent Staff Excelent
5790	5790	68	2563	15	1	1	7	63	0	0	0	255	255	255	255	255	255	0	// Thunder Staff Excelent
5800	5800	69	2564	15	1	1	7	63	0	0	0	255	255	255	255	255	255	0	// Gorgon Staff Excelent
5810	5810	70	2565	15	1	1	7	63	0	0	0	255	255	255	255	255	255	0	// Legendary Staff Excelent
5820	5820	73	2566	15	1	1	7	63	0	0	0	255	255	255	255	255	255	0	// Staff of Resurrection Excelent
5830	5830	75	2567	15	1	1	7	63	0	0	0	255	255	255	255	255	255	0	// Chaos Lighting Staff Excelent
5840	5840	75	2568	15	1	1	7	63	0	0	0	255	255	255	255	255	255	0	// Staff of Destruction Excelent
5850	5850	81	2569	15	1	1	7	63	0	0	0	255	255	255	255	255	255	0	// Dragon Soul Staff Excelent
5860	5860	80	2570	15	1	1	7	63	0	0	0	255	255	255	255	255	255	0	// Divine Staff of Archangel Excelent
5870	5870	83	2571	15	1	1	7	63	0	0	0	255	255	255	255	255	255	0	// Staff of Kundun Excelent
5880	5880	87	2572	15	1	1	7	63	0	0	0	255	255	255	255	255	255	0	// Grand Viper Staff Excelent
5890	5890	85	2573	15	1	1	7	63	0	0	0	255	255	255	255	255	255	0	// Platina Staff Excelent
5900	5900	75	2574	15	1	1	7	63	0	0	0	255	255	255	255	255	255	0	// Mystery Stick Excelent
5910	5910	78	2575	15	1	1	7	63	0	0	0	255	255	255	255	255	255	0	// Violent Wind Stick Excelent
5920	5920	81	2576	15	1	1	7	63	0	0	0	255	255	255	255	255	255	0	// Red Wing Stick Excelent
5930	5930	83	2577	15	1	1	7	63	0	0	0	255	255	255	255	255	255	0	// Ancient Stick Excelent
5940	5940	85	2578	15	1	1	7	63	0	0	0	255	255	255	255	255	255	0	// Demonic Stick Excelent
5950	5950	87	2579	15	1	1	7	63	0	0	0	255	255	255	255	255	255	0	// Storm Blitz Stick Excelent
5960	5960	85	2590	15	1	1	7	63	0	0	0	255	255	255	255	255	255	0	// Deadly Staff Excelent
5970	5970	100	2591	15	1	1	7	63	0	0	0	254	254	254	254	254	255	0	// Inberial Staff Excelent
5980	5980	85	2593	15	1	1	7	63	0	0	0	255	255	255	255	255	255	0	// Chromatic Staff Excelent
5990	5990	86	2594	15	1	1	7	63	0	0	0	255	255	255	255	255	255	0	// Raven Stick Excelent
6000	6000	100	2596	15	1	1	7	63	0	0	0	254	254	254	254	254	255	0	// Divine Stick of Archangel Excelent
6010	6010	85	2581	15	1	1	7	63	0	0	0	255	255	255	255	255	255	0	// Book of Samut Excelent
6020	6020	85	2582	15	1	1	7	63	0	0	0	255	255	255	255	255	255	0	// Book of Neil Excelent
6030	6030	85	2583	15	1	1	7	63	0	0	0	255	255	255	255	255	255	0	// Book of Lagle Excelent
6040	6040	70	3072	15	1	1	7	63	0	0	0	255	255	255	255	255	255	0	// Small Shield Excelent
6040	6041	80	3072	15	1	1	7	63	10	0	0	255	255	255	255	255	255	0	// Small Shield Anonymous
6050	6050	71	3073	15	1	1	7	63	0	0	0	255	255	255	255	255	255	0	// Horn Shield Excelent
6060	6060	72	3074	15	1	1	7	63	0	0	0	255	255	255	255	255	255	0	// Kite Shield Excelent
6070	6070	75	3075	15	1	1	7	63	0	0	0	255	255	255	255	255	255	0	// Elven Shield Excelent
6080	6080	73	3076	15	1	1	7	63	0	0	0	255	255	255	255	255	255	0	// Buckler Excelent
6090	6090	74	3077	15	1	1	7	63	0	0	0	255	255	255	255	255	255	0	// Dragon Slayer Shield Excelent
6100	6100	72	3078	15	1	1	7	63	0	0	0	255	255	255	255	255	255	0	// Skull Shield Excelent
6100	6101	82	3078	15	1	1	7	63	5	0	0	255	255	255	255	255	255	0	// Skull Shield Heras
6110	6110	75	3079	15	1	1	7	63	0	0	0	255	255	255	255	255	255	0	// Spiked Shield Excelent
6120	6120	76	3080	15	1	1	7	63	0	0	0	255	255	255	255	255	255	0	// Tower Shield Excelent
6130	6130	77	3081	15	1	1	7	63	0	0	0	255	255	255	255	255	255	0	// Plate Shield Excelent
6130	6131	87	3081	15	1	1	7	63	5	0	0	255	255	255	255	255	255	0	// Plate Shield Eplete
6140	6140	78	3082	15	1	1	7	63	0	0	0	255	255	255	255	255	255	0	// Large Round Shield Excelent
6150	6150	87	3083	15	1	1	7	63	0	0	0	255	255	255	255	255	255	0	// Serpent Shield Excelent
6160	6160	85	3084	15	1	1	7	63	0	0	0	255	255	255	255	255	255	0	// Bronze Shield Excelent
6170	6170	90	3085	15	1	1	7	63	0	0	0	255	255	255	255	255	255	0	// Dragon Shield Excelent
6180	6180	87	3086	15	1	1	7	63	0	0	0	255	255	255	255	255	255	0	// Legendary Shield Excelent
6190	6190	90	3087	15	1	1	7	63	0	0	0	255	255	255	255	255	255	0	// Grand Soul Shield Excelent
6200	6200	90	3088	15	1	1	7	63	0	0	0	255	255	255	255	255	255	0	// Elemental Shield Excelent
6210	6210	100	3089	15	1	1	7	63	0	0	0	254	254	254	254	254	255	0	// Crimson Glory Excelent
6220	6220	100	3090	15	1	1	7	63	0	0	0	254	254	254	254	254	255	0	// Salamander Shield Excelent
6230	6230	100	3091	15	1	1	7	63	0	0	0	254	254	254	254	254	255	0	// Frost Barrier Excelent
6240	6240	100	3092	15	1	1	7	63	0	0	0	254	254	254	254	254	255	0	// Guardian Shield Excelent
6250	6250	100	3093	15	1	1	7	63	0	0	0	254	254	254	254	254	255	0	// Cross Shield Excelent
6260	6260	20	7240	0	1	1	0	0	0	0	0	255	255	255	255	255	1	3600	// Scroll of Quickness (1 Hours)
6270	6270	20	7241	0	1	1	0	0	0	0	0	255	255	255	255	255	1	3600	// Scroll of Defense (1 Hours)
6280	6280	20	7242	0	1	1	0	0	0	0	0	255	255	255	255	255	1	3600	// Scroll of Wrath (1 Hours)
6290	6290	20	7243	0	1	1	7	0	0	0	0	255	255	255	255	255	1	3600	// Scroll of Wizardry (1 Hours)
6300	6300	20	7244	0	1	1	7	0	0	0	0	255	255	255	255	255	1	3600	// Scroll of Health (1 Hours)
6310	6310	20	7245	0	1	1	7	0	0	0	0	255	255	255	255	255	1	3600	// Scroll of Mana (1 Hours)
6320	6320	20	7265	0	1	1	7	0	0	0	0	255	255	255	255	255	1	3600	// Scroll of Battle (1 Hours)
6330	6330	20	7266	0	1	1	7	0	0	0	0	255	255	255	255	255	1	3600	// Scroll of Strength (1 Hours)
6340	6340	20	7308	0	1	1	7	0	0	0	0	255	255	255	255	255	1	3600	// Scroll of Healing (1 Hours)
6350	6350	100	7264	0	1	1	7	0	0	0	0	255	255	255	255	255	1	0	// Talisman of Chaos Assembly
6360	6360	200	7330	0	1	1	0	0	0	0	0	255	255	255	255	255	1	0	// Magic Backpack
end
